  0
SECTION
  2
HEADER
  9
$ACADVER
  1
AC1015
  9
$ACADMAINTVER
 70
     6
  9
$DWGCODEPAGE
  3
ANSI_1251
  9
$INSBASE
 10
0.0
 20
0.0
 30
0.0
  9
$EXTMIN
 10
-0.2
 20
-117.2
 30
0.0
  9
$EXTMAX
 10
109.2
 20
0.2
 30
0.0
  9
$LIMMIN
 10
0.0
 20
0.0
  9
$LIMMAX
 10
420.0
 20
297.0
  9
$ORTHOMODE
 70
     0
  9
$REGENMODE
 70
     1
  9
$FILLMODE
 70
     1
  9
$QTEXTMODE
 70
     0
  9
$MIRRTEXT
 70
     1
  9
$LTSCALE
 40
1.0
  9
$ATTMODE
 70
     1
  9
$TEXTSIZE
 40
4.0
  9
$TRACEWID
 40
1.0
  9
$TEXTSTYLE
  7
Standard
  9
$CLAYER
  8
0
  9
$CELTYPE
  6
ByLayer
  9
$CECOLOR
 62
   256
  9
$CELTSCALE
 40
1.0
  9
$DISPSILH
 70
     0
  9
$DIMSCALE
 40
1.0
  9
$DIMASZ
 40
6.0
  9
$DIMEXO
 40
1.0
  9
$DIMDLI
 40
3.75
  9
$DIMRND
 40
0.0
  9
$DIMDLE
 40
0.0
  9
$DIMEXE
 40
1.0
  9
$DIMTP
 40
0.0
  9
$DIMTM
 40
0.0
  9
$DIMTXT
 40
4.0
  9
$DIMCEN
 40
2.5
  9
$DIMTSZ
 40
0.0
  9
$DIMTOL
 70
     0
  9
$DIMLIM
 70
     0
  9
$DIMTIH
 70
     1
  9
$DIMTOH
 70
     1
  9
$DIMSE1
 70
     0
  9
$DIMSE2
 70
     0
  9
$DIMTAD
 70
     1
  9
$DIMZIN
 70
     0
  9
$DIMBLK
  1

  9
$DIMASO
 70
     1
  9
$DIMSHO
 70
     1
  9
$DIMPOST
  1

  9
$DIMAPOST
  1

  9
$DIMALT
 70
     0
  9
$DIMALTD
 70
     3
  9
$DIMALTF
 40
0.0393700787
  9
$DIMLFAC
 40
1.0
  9
$DIMTOFL
 70
     1
  9
$DIMTVP
 40
0.0
  9
$DIMTIX
 70
     0
  9
$DIMSOXD
 70
     0
  9
$DIMSAH
 70
     0
  9
$DIMBLK1
  1

  9
$DIMBLK2
  1

  9
$DIMSTYLE
  2
ISO-25
  9
$DIMCLRD
 70
     0
  9
$DIMCLRE
 70
     0
  9
$DIMCLRT
 70
     0
  9
$DIMTFAC
 40
1.0
  9
$DIMGAP
 40
3.0
  9
$DIMJUST
 70
     0
  9
$DIMSD1
 70
     0
  9
$DIMSD2
 70
     0
  9
$DIMTOLJ
 70
     0
  9
$DIMTZIN
 70
     0
  9
$DIMALTZ
 70
     0
  9
$DIMALTTZ
 70
     0
  9
$DIMUPT
 70
     0
  9
$DIMDEC
 70
     2
  9
$DIMTDEC
 70
     4
  9
$DIMALTU
 70
     2
  9
$DIMALTTD
 70
     3
  9
$DIMTXSTY
  7
Standard
  9
$DIMAUNIT
 70
     0
  9
$DIMADEC
 70
     2
  9
$DIMALTRND
 40
0.0
  9
$DIMAZIN
 70
     0
  9
$DIMDSEP
 70
    44
  9
$DIMATFIT
 70
     3
  9
$DIMFRAC
 70
     0
  9
$DIMLDRBLK
  1

  9
$DIMLUNIT
 70
     2
  9
$DIMLWD
 70
    -2
  9
$DIMLWE
 70
    -2
  9
$DIMTMOVE
 70
     0
  9
$LUNITS
 70
     2
  9
$LUPREC
 70
     2
  9
$SKETCHINC
 40
1.0
  9
$FILLETRAD
 40
10.0
  9
$AUNITS
 70
     0
  9
$AUPREC
 70
     2
  9
$MENU
  1
.
  9
$ELEVATION
 40
0.0
  9
$PELEVATION
 40
0.0
  9
$THICKNESS
 40
0.0
  9
$LIMCHECK
 70
     0
  9
$CHAMFERA
 40
0.0
  9
$CHAMFERB
 40
0.0
  9
$CHAMFERC
 40
0.0
  9
$CHAMFERD
 40
0.0
  9
$SKPOLY
 70
     0
  9
$TDCREATE
 40
2460101.68483721
  9
$TDUCREATE
 40
2460101.393170544
  9
$TDUPDATE
 40
2460101.684896956
  9
$TDUUPDATE
 40
2460101.393230289
  9
$TDINDWG
 40
0.0000000116
  9
$TDUSRTIMER
 40
0.0000000116
  9
$USRTIMER
 70
     1
  9
$ANGBASE
 50
0.0
  9
$ANGDIR
 70
     0
  9
$PDMODE
 70
     0
  9
$PDSIZE
 40
-1.0
  9
$PLINEWID
 40
0.0
  9
$SPLFRAME
 70
     0
  9
$SPLINETYPE
 70
     6
  9
$SPLINESEGS
 70
     8
  9
$HANDSEED
  5
CB
  9
$SURFTAB1
 70
     6
  9
$SURFTAB2
 70
     6
  9
$SURFTYPE
 70
     6
  9
$SURFU
 70
     6
  9
$SURFV
 70
     6
  9
$UCSBASE
  2

  9
$UCSNAME
  2

  9
$UCSORG
 10
0.0
 20
0.0
 30
0.0
  9
$UCSXDIR
 10
1.0
 20
0.0
 30
0.0
  9
$UCSYDIR
 10
0.0
 20
1.0
 30
0.0
  9
$UCSORTHOREF
  2

  9
$UCSORTHOVIEW
 70
     0
  9
$UCSORGTOP
 10
0.0
 20
0.0
 30
0.0
  9
$UCSORGBOTTOM
 10
0.0
 20
0.0
 30
0.0
  9
$UCSORGLEFT
 10
0.0
 20
0.0
 30
0.0
  9
$UCSORGRIGHT
 10
0.0
 20
0.0
 30
0.0
  9
$UCSORGFRONT
 10
0.0
 20
0.0
 30
0.0
  9
$UCSORGBACK
 10
0.0
 20
0.0
 30
0.0
  9
$PUCSBASE
  2

  9
$PUCSNAME
  2

  9
$PUCSORG
 10
0.0
 20
0.0
 30
0.0
  9
$PUCSXDIR
 10
1.0
 20
0.0
 30
0.0
  9
$PUCSYDIR
 10
0.0
 20
1.0
 30
0.0
  9
$PUCSORTHOREF
  2

  9
$PUCSORTHOVIEW
 70
     0
  9
$PUCSORGTOP
 10
0.0
 20
0.0
 30
0.0
  9
$PUCSORGBOTTOM
 10
0.0
 20
0.0
 30
0.0
  9
$PUCSORGLEFT
 10
0.0
 20
0.0
 30
0.0
  9
$PUCSORGRIGHT
 10
0.0
 20
0.0
 30
0.0
  9
$PUCSORGFRONT
 10
0.0
 20
0.0
 30
0.0
  9
$PUCSORGBACK
 10
0.0
 20
0.0
 30
0.0
  9
$USERI1
 70
     0
  9
$USERI2
 70
     0
  9
$USERI3
 70
     0
  9
$USERI4
 70
     0
  9
$USERI5
 70
     0
  9
$USERR1
 40
0.0
  9
$USERR2
 40
0.0
  9
$USERR3
 40
0.0
  9
$USERR4
 40
0.0
  9
$USERR5
 40
0.0
  9
$WORLDVIEW
 70
     1
  9
$SHADEDGE
 70
     3
  9
$SHADEDIF
 70
    70
  9
$TILEMODE
 70
     1
  9
$MAXACTVP
 70
    64
  9
$PINSBASE
 10
0.0
 20
0.0
 30
0.0
  9
$PLIMCHECK
 70
     0
  9
$PEXTMIN
 10
1.0000000000E+20
 20
1.0000000000E+20
 30
1.0000000000E+20
  9
$PEXTMAX
 10
-1.0000000000E+20
 20
-1.0000000000E+20
 30
-1.0000000000E+20
  9
$PLIMMIN
 10
0.0
 20
0.0
  9
$PLIMMAX
 10
420.0
 20
297.0
  9
$UNITMODE
 70
     0
  9
$VISRETAIN
 70
     1
  9
$PLINEGEN
 70
     0
  9
$PSLTSCALE
 70
     1
  9
$TREEDEPTH
 70
  3020
  9
$CMLSTYLE
  2
Standard
  9
$CMLJUST
 70
     0
  9
$CMLSCALE
 40
20.0
  9
$PROXYGRAPHICS
 70
     1
  9
$MEASUREMENT
 70
     1
  9
$CELWEIGHT
370
    -1
  9
$ENDCAPS
280
     0
  9
$JOINSTYLE
280
     0
  9
$LWDISPLAY
290
     1
  9
$INSUNITS
 70
     4
  9
$HYPERLINKBASE
  1

  9
$STYLESHEET
  1

  9
$XEDIT
290
     1
  9
$CEPSNTYPE
380
     0
  9
$PSTYLEMODE
290
     1
  9
$FINGERPRINTGUID
  2
{B53D42FE-4A90-4377-BB8E-82A13624294A}
  9
$VERSIONGUID
  2
{FAEB1C32-E019-11D5-929B-00C0DF256EC4}
  9
$EXTNAMES
290
     1
  9
$PSVPSCALE
 40
0.0
  9
$OLESTARTUP
290
     0
  0
ENDSEC
  0
SECTION
  2
CLASSES
  0
CLASS
  1
ACDBDICTIONARYWDFLT
  2
AcDbDictionaryWithDefault
  3
ObjectDBX Classes
 90
        0
280
     0
281
     0
  0
CLASS
  1
VISUALSTYLE
  2
AcDbVisualStyle
  3
ObjectDBX Classes
 90
     4095
280
     0
281
     0
  0
CLASS
  1
MATERIAL
  2
AcDbMaterial
  3
ObjectDBX Classes
 90
     1153
280
     0
281
     0
  0
CLASS
  1
SCALE
  2
AcDbScale
  3
ObjectDBX Classes
 90
     1153
280
     0
281
     0
  0
CLASS
  1
TABLESTYLE
  2
AcDbTableStyle
  3
ObjectDBX Classes
 90
     4095
280
     0
281
     0
  0
CLASS
  1
MLEADERSTYLE
  2
AcDbMLeaderStyle
  3
ACDB_MLEADERSTYLE_CLASS
 90
     4095
280
     0
281
     0
  0
CLASS
  1
SUN
  2
AcDbSun
  3
SCENEOE
 90
     1153
280
     0
281
     0
  0
CLASS
  1
ACDBPLACEHOLDER
  2
AcDbPlaceHolder
  3
ObjectDBX Classes
 90
        0
280
     0
281
     0
  0
CLASS
  1
LAYOUT
  2
AcDbLayout
  3
ObjectDBX Classes
 90
        0
280
     0
281
     0
  0
ENDSEC
  0
SECTION
  2
TABLES
  0
TABLE
  2
VPORT
  5
8
330
0
100
AcDbSymbolTable
 70
     1
  0
VPORT
  5
29
330
8
100
AcDbSymbolTableRecord
100
AcDbViewportTableRecord
  2
*Active
 70
     0
 10
0.0
 20
0.0
 11
1.0
 21
1.0
 12
54.5
 22
-58.5
 13
0.0
 23
0.0
 14
10.0
 24
10.0
 15
10.0
 25
10.0
 16
0.0
 26
0.0
 36
1.0
 17
0.0
 27
0.0
 37
0.0
 40
119.748
 41
0.9318568995
 42
50.0
 43
0.0
 44
0.0
 50
0.0
 51
0.0
 71
     0
 72
   100
 73
     1
 74
     3
 75
     0
 76
     0
 77
     0
 78
     0
281
     0
 65
     1
110
0.0
120
0.0
130
0.0
111
1.0
121
0.0
131
0.0
112
0.0
122
1.0
132
0.0
 79
     0
146
0.0
  0
ENDTAB
  0
TABLE
  2
LTYPE
  5
5
330
0
100
AcDbSymbolTable
 70
     6
  0
LTYPE
  5
14
330
5
100
AcDbSymbolTableRecord
100
AcDbLinetypeTableRecord
  2
ByBlock
 70
     0
  3

 72
    65
 73
     0
 40
0.0
  0
LTYPE
  5
15
330
5
100
AcDbSymbolTableRecord
100
AcDbLinetypeTableRecord
  2
ByLayer
 70
     0
  3

 72
    65
 73
     0
 40
0.0
  0
LTYPE
  5
16
330
5
100
AcDbSymbolTableRecord
100
AcDbLinetypeTableRecord
  2
Continuous
 70
     0
  3
Solid line
 72
    65
 73
     0
 40
0.0
  0
LTYPE
  5
6E
330
5
100
AcDbSymbolTableRecord
100
AcDbLinetypeTableRecord
  2
HIDDEN
 70
     0
  3
Hidden __ __ __ __ __ __ __ __ __ __ __ __ __ __
 72
    65
 73
     2
 40
1.905
 49
1.27
 74
     0
 49
-0.635
 74
     0
  0
LTYPE
  5
6F
330
5
100
AcDbSymbolTableRecord
100
AcDbLinetypeTableRecord
  2
PHANTOM
 70
     0
  3
Phantom ______  __  __  ______  __  __  ______
 72
    65
 73
     6
 40
12.7
 49
6.35
 74
     0
 49
-1.27
 74
     0
 49
1.27
 74
     0
 49
-1.27
 74
     0
 49
1.27
 74
     0
 49
-1.27
 74
     0
  0
LTYPE
  5
70
330
5
100
AcDbSymbolTableRecord
100
AcDbLinetypeTableRecord
  2
CENTER
 70
     0
  3
Center ____ _ ____ _ ____ _ ____ _ ____ _ ____
 72
    65
 73
     4
 40
10.16
 49
6.35
 74
     0
 49
-1.27
 74
     0
 49
1.27
 74
     0
 49
-1.27
 74
     0
  0
LTYPE
  5
71
330
5
100
AcDbSymbolTableRecord
100
AcDbLinetypeTableRecord
  2
CENTERX2
 70
     0
  3
Center (2x) ________  __  ________  __  _____
 72
    65
 73
     4
 40
20.32
 49
12.7
 74
     0
 49
-2.54
 74
     0
 49
2.54
 74
     0
 49
-2.54
 74
     0
  0
LTYPE
  5
72
330
5
100
AcDbSymbolTableRecord
100
AcDbLinetypeTableRecord
  2
DOT2
 70
     0
  3
Dot (.5x) ........................................
 72
    65
 73
     2
 40
0.635
 49
0.0
 74
     0
 49
-0.635
 74
     0
  0
ENDTAB
  0
TABLE
  2
LAYER
  5
2
330
0
100
AcDbSymbolTable
 70
     1
  0
LAYER
  5
10
330
2
100
AcDbSymbolTableRecord
100
AcDbLayerTableRecord
  2
0
 70
     0
 62
     7
  6
Continuous
370
    -3
390
F
  0
ENDTAB
  0
TABLE
  2
STYLE
  5
3
330
0
100
AcDbSymbolTable
 70
     1
  0
STYLE
  5
11
330
3
100
AcDbSymbolTableRecord
100
AcDbTextStyleTableRecord
  2
Standard
 70
     0
 40
0.0
 41
1.0
 50
0.0
 71
     0
 42
4.0
  3
txt
  4

  0
ENDTAB
  0
TABLE
  2
VIEW
  5
6
330
0
100
AcDbSymbolTable
 70
     0
  0
ENDTAB
  0
TABLE
  2
UCS
  5
7
330
0
100
AcDbSymbolTable
 70
     0
  0
ENDTAB
  0
TABLE
  2
APPID
  5
9
330
0
100
AcDbSymbolTable
 70
     1
  0
APPID
  5
12
330
9
100
AcDbSymbolTableRecord
100
AcDbRegAppTableRecord
  2
ACAD
 70
     0
  0
ENDTAB
  0
TABLE
  2
DIMSTYLE
  5
A
330
0
100
AcDbSymbolTable
 70
     1
100
AcDbDimStyleTable
  0
DIMSTYLE
105
27
330
A
100
AcDbSymbolTableRecord
100
AcDbDimStyleTableRecord
  2
ISO-25
 70
     0
 41
2.5
 42
0.625
 43
3.75
 44
1.25
 73
     0
 74
     0
 77
     1
 78
     8
140
2.5
141
2.5
143
0.0393700787
147
0.625
171
     3
172
     1
178
     0
271
     2
272
     2
274
     3
278
    44
283
     0
284
     8
340
11
  0
ENDTAB
  0
TABLE
  2
BLOCK_RECORD
  5
1
330
0
100
AcDbSymbolTable
 70
     1
  0
BLOCK_RECORD
  5
1F
330
1
100
AcDbSymbolTableRecord
100
AcDbBlockTableRecord
  2
*Model_Space
340
22
  0
BLOCK_RECORD
  5
1B
330
1
100
AcDbSymbolTableRecord
100
AcDbBlockTableRecord
  2
*Paper_Space
340
1E
  0
BLOCK_RECORD
  5
23
330
1
100
AcDbSymbolTableRecord
100
AcDbBlockTableRecord
  2
*Paper_Space0
340
26
  0
ENDTAB
  0
ENDSEC
  0
SECTION
  2
BLOCKS
  0
BLOCK
  5
20
330
1F
100
AcDbEntity
  8
0
100
AcDbBlockBegin
  2
*Model_Space
 70
     0
 10
0.0
 20
0.0
 30
0.0
  3
*Model_Space
  1

  0
ENDBLK
  5
21
330
1F
100
AcDbEntity
  8
0
100
AcDbBlockEnd
  0
BLOCK
  5
1C
330
1B
100
AcDbEntity
 67
     1
  8
0
100
AcDbBlockBegin
  2
*Paper_Space
 70
     0
 10
0.0
 20
0.0
 30
0.0
  3
*Paper_Space
  1

  0
ENDBLK
  5
1D
330
1B
100
AcDbEntity
 67
     1
  8
0
100
AcDbBlockEnd
  0
BLOCK
  5
24
330
23
100
AcDbEntity
  8
0
100
AcDbBlockBegin
  2
*Paper_Space0
 70
     0
 10
0.0
 20
0.0
 30
0.0
  3
*Paper_Space0
  1

  0
ENDBLK
  5
25
330
23
100
AcDbEntity
  8
0
100
AcDbBlockEnd
  0
ENDSEC
  0
SECTION
  2
ENTITIES
  0
CIRCLE
  5
73
330
1F
100
AcDbEntity
  8
0
  6
Continuous
 62
     7
370
    25
100
AcDbCircle
 10
101.0
 20
-109.0
 30
0.0
 40
2.25
  0
CIRCLE
  5
74
330
1F
100
AcDbEntity
  8
0
  6
Continuous
 62
     7
370
    25
100
AcDbCircle
 10
81.0
 20
-38.0
 30
0.0
 40
2.249999999999993
  0
CIRCLE
  5
75
330
1F
100
AcDbEntity
  8
0
  6
Continuous
 62
     7
370
    25
100
AcDbCircle
 10
81.0
 20
-8.0
 30
0.0
 40
2.249999999999995
  0
CIRCLE
  5
76
330
1F
100
AcDbEntity
  8
0
  6
Continuous
 62
     7
370
    25
100
AcDbCircle
 10
8.0
 20
-8.0
 30
0.0
 40
2.25
  0
CIRCLE
  5
77
330
1F
100
AcDbEntity
  8
0
  6
Continuous
 62
     7
370
    25
100
AcDbCircle
 10
101.0
 20
-50.0
 30
0.0
 40
2.25
  0
CIRCLE
  5
78
330
1F
100
AcDbEntity
  8
0
  6
Continuous
 62
     7
370
    25
100
AcDbCircle
 10
8.0
 20
-109.0
 30
0.0
 40
2.25
  0
LINE
  5
79
330
1F
100
AcDbEntity
  8
0
  6
Continuous
 62
     7
370
    25
100
AcDbLine
 10
93.8004569145
 20
-113.7995430159
 30
0.0
 11
88.2824147465
 21
-113.7995430159
 31
0.0
  0
ELLIPSE
  5
7A
330
1F
100
AcDbEntity
  8
0
  6
Continuous
 62
     7
370
    25
100
AcDbEllipse
 10
88.2829423861
 20
-110.7990860317
 30
0.0
 11
-1.500304648354785
 21
-2.598603877782224
 31
0.0
210
0.0
220
0.0
230
1.0
 40
0.9997969423
 41
5.759674462591866
 42
6.806696151767311
  0
LINE
  5
7B
330
1F
100
AcDbEntity
  8
0
  6
Continuous
 62
     7
370
    25
100
AcDbLine
 10
85.6847342347
 20
-112.2997714731
 30
0.0
 11
85.1647672595
 21
-111.3991622538
 31
0.0
  0
SPLINE
  5
7C
330
1F
100
AcDbEntity
  8
0
  6
Continuous
 62
     7
370
    25
100
AcDbSpline
210
0.0
220
0.0
230
1.0
 70
     8
 71
     3
 72
    10
 73
     6
 74
     0
 42
0.000000001
 43
0.00000001
 40
2.618081809001735
 40
2.618081809001735
 40
2.618081809001735
 40
2.618081809001735
 40
3.141592653589458
 40
3.141592653589458
 40
3.665103498177182
 40
3.665103498177182
 40
3.665103498177182
 40
3.665103498177182
 10
85.16476725948553
 20
-111.3991622537592
 30
0.0
 10
84.71621249423858
 20
-110.6222426151097
 30
0.0
 10
84.0509750780286
 20
-109.9517680080488
 30
0.0
 10
82.47247093594105
 20
-109.0404182166724
 30
0.0
 10
81.55920418550966
 20
-108.7995430182462
 30
0.0
 10
80.6620946591249
 20
-108.7995430158683
 30
0.0
  0
LINE
  5
7D
330
1F
100
AcDbEntity
  8
0
  6
Continuous
 62
     7
370
    25
100
AcDbLine
 10
80.6620946591
 20
-108.7995430159
 30
0.0
 11
29.9299788878
 21
-108.7995430159
 31
0.0
  0
SPLINE
  5
7E
330
1F
100
AcDbEntity
  8
0
  6
Continuous
 62
     7
370
    25
100
AcDbSpline
210
0.0
220
0.0
230
1.0
 70
     8
 71
     3
 72
    10
 73
     6
 74
     0
 42
0.000000001
 43
0.00000001
 40
2.618081809002233
 40
2.618081809002233
 40
2.618081809002233
 40
2.618081809002233
 40
3.141592653589959
 40
3.141592653589959
 40
3.665103498177684
 40
3.665103498177684
 40
3.665103498177684
 40
3.665103498177684
 10
29.92997888775273
 20
-108.7995430158683
 30
0.0
 10
29.03286936136915
 20
-108.7995430182462
 30
0.0
 10
28.11960261093502
 20
-109.0404182166913
 30
0.0
 10
26.54109846885063
 20
-109.9517680080298
 30
0.0
 10
25.87586105267234
 20
-110.6222426151439
 30
0.0
 10
25.42730628739207
 20
-111.3991622537593
 30
0.0
  0
LINE
  5
7F
330
1F
100
AcDbEntity
  8
0
  6
Continuous
 62
     7
370
    25
100
AcDbLine
 10
25.4273062874
 20
-111.3991622538
 30
0.0
 11
24.9073393122
 21
-112.2997714731
 31
0.0
  0
ELLIPSE
  5
80
330
1F
100
AcDbEntity
  8
0
  6
Continuous
 62
     7
370
    25
100
AcDbEllipse
 10
22.3091311608
 20
-110.7990860317
 30
0.0
 11
1.500304648354778
 21
-2.598603877782225
 31
0.0
210
0.0
220
0.0
230
1.0
 40
0.9997969423
 41
5.759674462591874
 42
6.806696151767313
  0
LINE
  5
81
330
1F
100
AcDbEntity
  8
0
  6
Continuous
 62
     7
370
    25
100
AcDbLine
 10
22.3096588004
 20
-113.7995430159
 30
0.0
 11
15.1995430855
 21
-113.7995430159
 31
0.0
  0
ELLIPSE
  5
82
330
1F
100
AcDbEntity
  8
0
  6
Continuous
 62
     7
370
    25
100
AcDbEllipse
 10
15.2004569841
 20
-110.7990860317
 30
0.0
 11
-2.121966567508743
 21
-2.121966567508736
 31
0.0
210
0.0
220
0.0
230
1.0
 40
0.9996954599
 41
5.497939437029734
 42
7.068431177329455
  0
LINE
  5
83
330
1F
100
AcDbEntity
  8
0
  6
Continuous
 62
     7
370
    25
100
AcDbLine
 10
12.2
 20
-110.7999999304
 30
0.0
 11
12.2
 21
-109.0
 31
0.0
  0
ARC
  5
84
330
1F
100
AcDbEntity
  8
0
  6
Continuous
 62
     7
370
    25
100
AcDbCircle
 10
8.0
 20
-109.0
 30
0.0
 40
4.200000000000003
100
AcDbArc
 50
0.0
 51
90.0
  0
LINE
  5
85
330
1F
100
AcDbEntity
  8
0
  6
Continuous
 62
     7
370
    25
100
AcDbLine
 10
8.0
 20
-104.8
 30
0.0
 11
6.2277732888
 21
-104.8
 31
0.0
  0
ELLIPSE
  5
86
330
1F
100
AcDbEntity
  8
0
  6
Continuous
 62
     7
370
    25
100
AcDbEllipse
 10
6.2286871874
 20
-101.7995430159
 30
0.0
 11
-2.121966567508743
 21
-2.121966567508736
 31
0.0
210
0.0
220
0.0
230
1.0
 40
0.9996954599
 41
5.497939437029739
 42
7.068431177329455
  0
LINE
  5
87
330
1F
100
AcDbEntity
  8
0
  6
Continuous
 62
     7
370
    25
100
AcDbLine
 10
3.2282302033
 20
-101.8004569145
 30
0.0
 11
3.2282302033
 21
-95.674306324
 31
0.0
  0
ELLIPSE
  5
88
330
1F
100
AcDbEntity
  8
0
  6
Continuous
 62
     7
370
    25
100
AcDbEllipse
 10
6.2286871874
 20
-95.6748339637
 30
0.0
 11
-2.598603877782232
 21
1.500304648354771
 31
0.0
210
0.0
220
0.0
230
1.0
 40
0.9997969423
 41
5.759674462591876
 42
6.806696151767311
  0
LINE
  5
89
330
1F
100
AcDbEntity
  8
0
  6
Continuous
 62
     7
370
    25
100
AcDbLine
 10
4.7280017461
 20
-93.0766258123
 30
0.0
 11
5.6008377462
 21
-92.5726937126
 31
0.0
  0
SPLINE
  5
8A
330
1F
100
AcDbEntity
  8
0
  6
Continuous
 62
     7
370
    25
100
AcDbSpline
210
0.0
220
0.0
230
1.0
 70
     8
 71
     3
 72
    10
 73
     6
 74
     0
 42
0.000000001
 43
0.00000001
 40
2.618081809002393
 40
2.618081809002393
 40
2.618081809002393
 40
2.618081809002393
 40
3.141592653590124
 40
3.141592653590124
 40
3.665103498177855
 40
3.665103498177855
 40
3.665103498177855
 40
3.665103498177855
 10
5.600837746240737
 20
-92.57269371260793
 30
0.0
 10
6.377757384878117
 20
-92.12413894736224
 30
0.0
 10
7.048231991964671
 20
-91.45890153114459
 30
0.0
 10
7.959581783314262
 20
-89.88039738906969
 30
0.0
 10
8.200456981733563
 20
-88.96713063862727
 30
0.0
 10
8.200456984131725
 20
-88.07002111224722
 30
0.0
  0
LINE
  5
8B
330
1F
100
AcDbEntity
  8
0
  6
Continuous
 62
     7
370
    25
100
AcDbLine
 10
8.2004569841
 20
-88.0700211122
 30
0.0
 11
8.2004569841
 21
-28.9299788878
 31
0.0
  0
SPLINE
  5
8C
330
1F
100
AcDbEntity
  8
0
  6
Continuous
 62
     7
370
    25
100
AcDbSpline
210
0.0
220
0.0
230
1.0
 70
     8
 71
     3
 72
    10
 73
     6
 74
     0
 42
0.000000001
 43
0.00000001
 40
2.618081809002235
 40
2.618081809002235
 40
2.618081809002235
 40
2.618081809002235
 40
3.14159265358996
 40
3.14159265358996
 40
3.665103498177685
 40
3.665103498177685
 40
3.665103498177685
 40
3.665103498177685
 10
8.200456984131726
 20
-28.92997888775272
 30
0.0
 10
8.200456981733565
 20
-28.03286936136798
 30
0.0
 10
7.959581783315432
 20
-27.1196026109366
 30
0.0
 10
7.048231991963479
 20
-25.54109846884904
 30
0.0
 10
6.377757384865936
 20
-24.87586105266522
 30
0.0
 10
5.600837746240749
 20
-24.42730628739206
 30
0.0
  0
LINE
  5
8D
330
1F
100
AcDbEntity
  8
0
  6
Continuous
 62
     7
370
    25
100
AcDbLine
 10
5.6008377462
 20
-24.4273062874
 30
0.0
 11
4.6810828346
 21
-23.8962855416
 31
0.0
  0
ELLIPSE
  5
8E
330
1F
100
AcDbEntity
  8
0
  6
Continuous
 62
     7
370
    25
100
AcDbEllipse
 10
6.1817699352
 20
-21.2980783481
 30
0.0
 11
-2.600958439442377
 21
-1.496221239582113
 31
0.0
210
0.0
220
0.0
230
1.0
 40
0.9997965731
 41
5.758103895321112
 42
6.808266719038076
  0
LINE
  5
8F
330
1F
100
AcDbEntity
  8
0
  6
Continuous
 62
     7
370
    25
100
AcDbLine
 10
3.1813260957
 20
-21.2891811616
 30
0.0
 11
3.2004880274
 21
-15.1901192172
 31
0.0
  0
ELLIPSE
  5
90
330
1F
100
AcDbEntity
  8
0
  6
Continuous
 62
     7
370
    25
100
AcDbEllipse
 10
6.2009273409
 20
-15.2004569841
 30
0.0
 11
-2.118628561548376
 21
2.125295289891639
 31
0.0
210
0.0
220
0.0
230
1.0
 40
0.9996964132
 41
5.499509845922407
 42
7.066860768436781
  0
LINE
  5
91
330
1F
100
AcDbEntity
  8
0
  6
Continuous
 62
     7
370
    25
100
AcDbLine
 10
6.200016309
 20
-12.2
 30
0.0
 11
8.0
 21
-12.2
 31
0.0
  0
ARC
  5
92
330
1F
100
AcDbEntity
  8
0
  6
Continuous
 62
     7
370
    25
100
AcDbCircle
 10
8.0
 20
-8.0
 30
0.0
 40
4.200000000000131
100
AcDbArc
 50
270.0
 51
0.0
  0
LINE
  5
93
330
1F
100
AcDbEntity
  8
0
  6
Continuous
 62
     7
370
    25
100
AcDbLine
 10
12.2
 20
-8.0
 30
0.0
 11
12.2
 21
-6.2000000696
 31
0.0
  0
ELLIPSE
  5
94
330
1F
100
AcDbEntity
  8
0
  6
Continuous
 62
     7
370
    25
100
AcDbEllipse
 10
15.2004569841
 20
-6.2009139683
 30
0.0
 11
-2.121966567508743
 21
2.121966567508741
 31
0.0
210
0.0
220
0.0
230
1.0
 40
0.9996954599
 41
5.497939437029732
 42
7.068431177329454
  0
LINE
  5
95
330
1F
100
AcDbEntity
  8
0
  6
Continuous
 62
     7
370
    25
100
AcDbLine
 10
15.1995430855
 20
-3.2004569841
 30
0.0
 11
73.8004569145
 21
-3.2004569841
 31
0.0
  0
ELLIPSE
  5
96
330
1F
100
AcDbEntity
  8
0
  6
Continuous
 62
     7
370
    25
100
AcDbEllipse
 10
73.7995430159
 20
-6.2009139683
 30
0.0
 11
2.121966567508736
 21
2.121966567508743
 31
0.0
210
0.0
220
0.0
230
1.0
 40
0.9996954599
 41
5.497939437029733
 42
7.068431177329452
  0
LINE
  5
97
330
1F
100
AcDbEntity
  8
0
  6
Continuous
 62
     7
370
    25
100
AcDbLine
 10
76.8
 20
-6.2000000696
 30
0.0
 11
76.8
 21
-8.0
 31
0.0
  0
ARC
  5
98
330
1F
100
AcDbEntity
  8
0
  6
Continuous
 62
     7
370
    25
100
AcDbCircle
 10
81.0
 20
-8.0
 30
0.0
 40
4.200000000000145
100
AcDbArc
 50
180.0
 51
270.0
  0
LINE
  5
99
330
1F
100
AcDbEntity
  8
0
  6
Continuous
 62
     7
370
    25
100
AcDbLine
 10
81.0
 20
-12.2
 30
0.0
 11
82.7999999304
 21
-12.2
 31
0.0
  0
ELLIPSE
  5
9A
330
1F
100
AcDbEntity
  8
0
  6
Continuous
 62
     7
370
    25
100
AcDbEllipse
 10
82.7990860317
 20
-15.2004569841
 30
0.0
 11
2.121966567508736
 21
2.121966567508741
 31
0.0
210
0.0
220
0.0
230
1.0
 40
0.9996954599
 41
5.497939437029733
 42
7.068431177329447
  0
LINE
  5
9B
330
1F
100
AcDbEntity
  8
0
  6
Continuous
 62
     7
370
    25
100
AcDbLine
 10
85.7995430159
 20
-15.1995430855
 30
0.0
 11
85.7995430159
 21
-28.0069576428
 31
0.0
  0
ELLIPSE
  5
9C
330
1F
100
AcDbEntity
  8
0
  6
Continuous
 62
     7
370
    25
100
AcDbEllipse
 10
82.7990860317
 20
-28.0075887624
 30
0.0
 11
-2.469126915143718
 21
-1.705128178250561
 31
0.0
210
0.0
220
0.0
230
1.0
 40
0.9997750855
 41
1.570796326794897
 42
2.537322437036709
  0
LINE
  5
9D
330
1F
100
AcDbEntity
  8
0
  6
Continuous
 62
     7
370
    25
100
AcDbLine
 10
84.5038307019
 20
-30.476160335
 30
0.0
 11
78.6133574617
 21
-34.5439997982
 31
0.0
  0
ARC
  5
9E
330
1F
100
AcDbEntity
  8
0
  6
Continuous
 62
     7
370
    25
100
AcDbCircle
 10
81.0
 20
-38.0
 30
0.0
 40
4.200000000002966
100
AcDbArc
 50
124.6281591643
 51
304.6281591643
  0
LINE
  5
9F
330
1F
100
AcDbEntity
  8
0
  6
Continuous
 62
     7
370
    25
100
AcDbLine
 10
83.3866425383
 20
-41.4560002018
 30
0.0
 11
91.6755008625
 21
-35.7318854114
 31
0.0
  0
ARC
  5
A0
330
1F
100
AcDbEntity
  8
0
  6
Continuous
 62
     7
370
    25
100
AcDbCircle
 10
93.3802455327
 20
-38.2004569841
 30
0.0
 40
3.0
100
AcDbArc
 50
90.0
 51
124.6281591643
  0
LINE
  5
A1
330
1F
100
AcDbEntity
  8
0
  6
Continuous
 62
     7
370
    25
100
AcDbLine
 10
93.3802455327
 20
-35.2004569841
 30
0.0
 11
102.7995430159
 21
-35.2004569841
 31
0.0
  0
ARC
  5
A2
330
1F
100
AcDbEntity
  8
0
  6
Continuous
 62
     7
370
    25
100
AcDbCircle
 10
102.7995430159
 20
-38.2004569841
 30
0.0
 40
3.000000000000014
100
AcDbArc
 50
0.0
 51
90.0
  0
LINE
  5
A3
330
1F
100
AcDbEntity
  8
0
  6
Continuous
 62
     7
370
    25
100
AcDbLine
 10
105.7995430159
 20
-38.2004569841
 30
0.0
 11
105.7995430159
 21
-42.8
 31
0.0
  0
ARC
  5
A4
330
1F
100
AcDbEntity
  8
0
  6
Continuous
 62
     7
370
    25
100
AcDbCircle
 10
102.7995430159
 20
-42.8
 30
0.0
 40
3.000000000000014
100
AcDbArc
 50
270.0
 51
0.0
  0
LINE
  5
A5
330
1F
100
AcDbEntity
  8
0
  6
Continuous
 62
     7
370
    25
100
AcDbLine
 10
102.7995430159
 20
-45.8
 30
0.0
 11
101.0
 21
-45.8
 31
0.0
  0
ARC
  5
A6
330
1F
100
AcDbEntity
  8
0
  6
Continuous
 62
     7
370
    25
100
AcDbCircle
 10
101.0
 20
-50.0
 30
0.0
 40
4.200000000000138
100
AcDbArc
 50
90.0
 51
270.0
  0
LINE
  5
A7
330
1F
100
AcDbEntity
  8
0
  6
Continuous
 62
     7
370
    25
100
AcDbLine
 10
101.0
 20
-54.2
 30
0.0
 11
102.7990860317
 21
-54.2
 31
0.0
  0
ELLIPSE
  5
A8
330
1F
100
AcDbEntity
  8
0
  6
Continuous
 62
     7
370
    25
100
AcDbEllipse
 10
102.7990860317
 20
-57.2
 30
0.0
 11
-3.000456984131716
 21
0.0
 31
0.0
210
0.0
220
0.0
230
1.0
 40
0.9998476952
 41
3.141592653589793
 42
4.712388980384704
  0
LINE
  5
A9
330
1F
100
AcDbEntity
  8
0
  6
Continuous
 62
     7
370
    25
100
AcDbLine
 10
105.7995430159
 20
-57.2
 30
0.0
 11
105.7995430159
 21
-101.8004569145
 31
0.0
  0
ELLIPSE
  5
AA
330
1F
100
AcDbEntity
  8
0
  6
Continuous
 62
     7
370
    25
100
AcDbEllipse
 10
102.7990860317
 20
-101.7995430159
 30
0.0
 11
2.12196656750875
 21
-2.121966567508736
 31
0.0
210
0.0
220
0.0
230
1.0
 40
0.9996954599
 41
5.497939437029734
 42
7.068431177329455
  0
LINE
  5
AB
330
1F
100
AcDbEntity
  8
0
  6
Continuous
 62
     7
370
    25
100
AcDbLine
 10
102.7999999304
 20
-104.8
 30
0.0
 11
101.0
 21
-104.8
 31
0.0
  0
ARC
  5
AC
330
1F
100
AcDbEntity
  8
0
  6
Continuous
 62
     7
370
    25
100
AcDbCircle
 10
101.0
 20
-109.0
 30
0.0
 40
4.200000000000131
100
AcDbArc
 50
90.0
 51
180.0
  0
LINE
  5
AD
330
1F
100
AcDbEntity
  8
0
  6
Continuous
 62
     7
370
    25
100
AcDbLine
 10
96.8
 20
-109.0
 30
0.0
 11
96.8
 21
-110.7999999304
 31
0.0
  0
ELLIPSE
  5
AE
330
1F
100
AcDbEntity
  8
0
  6
Continuous
 62
     7
370
    25
100
AcDbEllipse
 10
93.7995430159
 20
-110.7990860317
 30
0.0
 11
2.121966567508736
 21
-2.121966567508736
 31
0.0
210
0.0
220
0.0
230
1.0
 40
0.9996954599
 41
5.497939437029734
 42
7.068431177329453
  0
SPLINE
  5
AF
330
1F
100
AcDbEntity
  8
0
  6
Continuous
 62
     7
370
    25
100
AcDbSpline
210
0.0
220
0.0
230
1.0
 70
     8
 71
     3
 72
    10
 73
     6
 74
     0
 42
0.000000001
 43
0.00000001
 40
2.618081809001839
 40
2.618081809001839
 40
2.618081809001839
 40
2.618081809001839
 40
3.141592653589562
 40
3.141592653589562
 40
3.665103498177286
 40
3.665103498177286
 40
3.665103498177286
 40
3.665103498177286
 10
27.79422259814748
 20
-114.1004569145308
 30
0.0
 10
27.25940780044066
 20
-115.0267833127071
 30
0.0
 10
26.46624093483972
 20
-115.8261946997073
 30
0.0
 10
24.5841800877562
 20
-116.9128030364085
 30
0.0
 10
23.49528608573424
 20
-117.1999999979589
 30
0.0
 10
22.42565649386609
 20
-117.2
 30
0.0
  0
LINE
  5
B0
330
1F
100
AcDbEntity
  8
0
  6
Continuous
 62
     7
370
    25
100
AcDbLine
 10
28.3719246003
 20
-113.0998476952
 30
0.0
 11
27.7942225981
 21
-114.1004569145
 31
0.0
  0
SPLINE
  5
B1
330
1F
100
AcDbEntity
  8
0
  6
Continuous
 62
     7
370
    25
100
AcDbSpline
210
0.0
220
0.0
230
1.0
 70
     8
 71
     3
 72
    10
 73
     6
 74
     0
 42
0.000000001
 43
0.00000001
 40
2.61808180900206
 40
2.61808180900206
 40
2.61808180900206
 40
2.61808180900206
 40
3.141592653589789
 40
3.141592653589789
 40
3.665103498177517
 40
3.665103498177517
 40
3.665103498177517
 40
3.665103498177517
 10
29.93050652739156
 20
-112.2
 30
0.0
 10
29.61997561496003
 20
-112.2000000069318
 30
0.0
 10
29.30385155863583
 20
-112.2833771536719
 30
0.0
 10
28.75745881785936
 20
-112.5988371496412
 30
0.0
 10
28.5271900625382
 20
-112.8309200398038
 30
0.0
 10
28.37192460030694
 20
-113.0998476951564
 30
0.0
  0
LINE
  5
B2
330
1F
100
AcDbEntity
  8
0
  6
Continuous
 62
     7
370
    25
100
AcDbLine
 10
80.6615670195
 20
-112.2
 30
0.0
 11
29.9305065274
 21
-112.2
 31
0.0
  0
SPLINE
  5
B3
330
1F
100
AcDbEntity
  8
0
  6
Continuous
 62
     7
370
    25
100
AcDbSpline
210
0.0
220
0.0
230
1.0
 70
     8
 71
     3
 72
    10
 73
     6
 74
     0
 42
0.000000001
 43
0.00000001
 40
2.618081809002068
 40
2.618081809002068
 40
2.618081809002068
 40
2.618081809002068
 40
3.141592653589791
 40
3.141592653589791
 40
3.665103498177515
 40
3.665103498177515
 40
3.665103498177515
 40
3.665103498177515
 10
82.22014894657066
 20
-113.0998476951564
 30
0.0
 10
82.06488348435651
 20
-112.8309200397934
 30
0.0
 10
81.83461472901934
 20
-112.5988371496412
 30
0.0
 10
81.28822198824066
 20
-112.2833771536719
 30
0.0
 10
80.97209793191844
 20
-112.2000000069469
 30
0.0
 10
80.66156701948604
 20
-112.2
 30
0.0
  0
LINE
  5
B4
330
1F
100
AcDbEntity
  8
0
  6
Continuous
 62
     7
370
    25
100
AcDbLine
 10
82.7978509487
 20
-114.1004569145
 30
0.0
 11
82.2201489466
 21
-113.0998476952
 31
0.0
  0
SPLINE
  5
B5
330
1F
100
AcDbEntity
  8
0
  6
Continuous
 62
     7
370
    25
100
AcDbSpline
210
0.0
220
0.0
230
1.0
 70
     8
 71
     3
 72
    10
 73
     6
 74
     0
 42
0.000000001
 43
0.00000001
 40
-0.5235108445872627
 40
-0.5235108445872627
 40
-0.5235108445872627
 40
-0.5235108445872627
 40
0.0000000000004657
 40
0.0000000000004657
 40
0.5235108445881942
 40
0.5235108445881942
 40
0.5235108445881942
 40
0.5235108445881942
 10
88.16641705301151
 20
-117.2
 30
0.0
 10
87.09678746114128
 20
-117.1999999979738
 30
0.0
 10
86.00789345912416
 20
-116.9128030364154
 30
0.0
 10
84.12583261203507
 20
-115.8261946997003
 30
0.0
 10
83.33266574638424
 20
-115.0267833127439
 30
0.0
 10
82.79785094873009
 20
-114.1004569145308
 30
0.0
  0
LINE
  5
B6
330
1F
100
AcDbEntity
  8
0
  6
Continuous
 62
     7
370
    25
100
AcDbLine
 10
103.0009138291
 20
-117.2
 30
0.0
 11
88.1664170529
 21
-117.2
 31
0.0
  0
SPLINE
  5
B7
330
1F
100
AcDbEntity
  8
0
  6
Continuous
 62
     7
370
    25
100
AcDbSpline
210
0.0
220
0.0
230
1.0
 70
     8
 71
     3
 72
    14
 73
    10
 74
     0
 42
0.000000001
 43
0.00000001
 40
-0.7852458701498671
 40
-0.7852458701498671
 40
-0.7852458701498671
 40
-0.7852458701498671
 40
-0.392622935074933
 40
-0.392622935074933
 40
0.0000000000000011
 40
0.0000000000000011
 40
0.3926229350749352
 40
0.3926229350749352
 40
0.7852458701498694
 40
0.7852458701498694
 40
0.7852458701498694
 40
0.7852458701498694
 10
109.2
 20
-111.0009138290617
 30
0.0
 10
109.1999999986181
 20
-111.8072090719169
 30
0.0
 10
109.0387199923419
 20
-112.6223564954596
 30
0.0
 10
108.4176015963134
 20
-114.124310873028
 30
0.0
 10
107.957763200223
 20
-114.8111178457484
 30
0.0
 10
106.8111178457596
 20
-115.9577632002343
 30
0.0
 10
106.1243108730336
 20
-116.4176015963247
 30
0.0
 10
104.6223564954539
 20
-117.0387199923306
 30
0.0
 10
103.8072090719211
 20
-117.1999999986013
 30
0.0
 10
103.0009138290616
 20
-117.2
 30
0.0
  0
LINE
  5
B8
330
1F
100
AcDbEntity
  8
0
  6
Continuous
 62
     7
370
    25
100
AcDbLine
 10
109.2
 20
-37.9990861709
 30
0.0
 11
109.2
 21
-111.0009138292
 31
0.0
  0
SPLINE
  5
B9
330
1F
100
AcDbEntity
  8
0
  6
Continuous
 62
     7
370
    25
100
AcDbSpline
210
0.0
220
0.0
230
1.0
 70
     8
 71
     3
 72
    14
 73
    10
 74
     0
 42
0.000000001
 43
0.00000001
 40
-0.7852458701498671
 40
-0.7852458701498671
 40
-0.7852458701498671
 40
-0.7852458701498671
 40
-0.3926229350749333
 40
-0.3926229350749333
 40
0.0000000000000005
 40
0.0000000000000005
 40
0.3926229350749343
 40
0.3926229350749343
 40
0.7852458701498681
 40
0.7852458701498681
 40
0.7852458701498681
 40
0.7852458701498681
 10
103.0009138290617
 20
-31.8
 30
0.0
 10
103.8072090719211
 20
-31.80000000137633
 30
0.0
 10
104.622356495454
 20
-31.96128000766655
 30
0.0
 10
106.1243108730336
 20
-32.5823984036781
 30
0.0
 10
106.8111178457596
 20
-33.04223679977694
 30
0.0
 10
107.957763200223
 20
-34.18888215424037
 30
0.0
 10
108.4176015963191
 20
-34.87568912697206
 30
0.0
 10
109.0387199923363
 20
-36.3776435045404
 30
0.0
 10
109.1999999986461
 20
-37.1927909280831
 30
0.0
 10
109.2
 20
-37.99908617093835
 30
0.0
  0
LINE
  5
BA
330
1F
100
AcDbEntity
  8
0
  6
Continuous
 62
     7
370
    25
100
AcDbLine
 10
90.9996953903
 20
-31.8
 30
0.0
 11
103.0009138292
 21
-31.8
 31
0.0
  0
SPLINE
  5
BB
330
1F
100
AcDbEntity
  8
0
  6
Continuous
 62
     7
370
    25
100
AcDbSpline
210
0.0
220
0.0
230
1.0
 70
     8
 71
     3
 72
    10
 73
     6
 74
     0
 42
0.000000001
 43
0.00000001
 40
-0.7852458701500378
 40
-0.7852458701500378
 40
-0.7852458701500378
 40
-0.7852458701500378
 40
-0.0000000000001721
 40
-0.0000000000001721
 40
0.7852458701496936
 40
0.7852458701496936
 40
0.7852458701496936
 40
0.7852458701496936
 10
89.2
 20
-30.00030460968722
 30
0.0
 10
89.20000001710875
 20
-30.45945366726118
 30
0.0
 10
89.39194507147788
 20
-30.93778180350267
 30
0.0
 10
90.06221819649404
 20
-31.60805492852541
 30
0.0
 10
90.54054633274131
 20
-31.79999998286577
 30
0.0
 10
90.99969539031278
 20
-31.8
 30
0.0
  0
LINE
  5
BC
330
1F
100
AcDbEntity
  8
0
  6
Continuous
 62
     7
370
    25
100
AcDbLine
 10
89.2
 20
-5.9990861709
 30
0.0
 11
89.2
 21
-30.0003046097
 31
0.0
  0
SPLINE
  5
BD
330
1F
100
AcDbEntity
  8
0
  6
Continuous
 62
     7
370
    25
100
AcDbSpline
210
0.0
220
0.0
230
1.0
 70
     8
 71
     3
 72
    14
 73
    10
 74
     0
 42
0.000000001
 43
0.00000001
 40
-0.7852458701498692
 40
-0.7852458701498692
 40
-0.7852458701498692
 40
-0.7852458701498692
 40
-0.392622935074935
 40
-0.392622935074935
 40
-0.0000000000000008
 40
-0.0000000000000008
 40
0.3926229350749335
 40
0.3926229350749335
 40
0.7852458701498677
 40
0.7852458701498677
 40
0.7852458701498677
 40
0.7852458701498677
 10
83.00091382906164
 20
0.2000000000000026
 30
0.0
 10
83.80720907191686
 20
0.1999999986326648
 30
0.0
 10
84.62235649545963
 20
0.0387199923319165
 30
0.0
 10
86.12431087302797
 20
-0.5823984036765506
 30
0.0
 10
86.81111784575964
 20
-1.042236799775351
 30
0.0
 10
87.95776320022307
 20
-2.188882154241939
 30
0.0
 10
88.41760159633037
 20
-2.87568912697011
 30
0.0
 10
89.038719992325
 20
-4.377643504542334
 30
0.0
 10
89.19999999864606
 20
-5.192790928081652
 30
0.0
 10
89.20000000000002
 20
-5.999086170938346
 30
0.0
  0
LINE
  5
BE
330
1F
100
AcDbEntity
  8
0
  6
Continuous
 62
     7
370
    25
100
AcDbLine
 10
5.9990861709
 20
0.2
 30
0.0
 11
83.0009138292
 21
0.2
 31
0.0
  0
SPLINE
  5
BF
330
1F
100
AcDbEntity
  8
0
  6
Continuous
 62
     7
370
    25
100
AcDbSpline
210
0.0
220
0.0
230
1.0
 70
     8
 71
     3
 72
    14
 73
    10
 74
     0
 42
0.000000001
 43
0.00000001
 40
-0.7852458701498674
 40
-0.7852458701498674
 40
-0.7852458701498674
 40
-0.7852458701498674
 40
-0.3926229350749337
 40
-0.3926229350749337
 40
0.0
 40
0.0
 40
0.3926229350749337
 40
0.3926229350749337
 40
0.7852458701498674
 40
0.7852458701498674
 40
0.7852458701498674
 40
0.7852458701498674
 10
-0.2000000000000026
 20
-5.999086170938345
 30
0.0
 10
-0.1999999986326211
 20
-5.192790928081783
 30
0.0
 10
-0.0387199923319791
 20
-4.377643504542163
 30
0.0
 10
0.5823984036766195
 20
-2.875689126970293
 30
0.0
 10
1.042236799775351
 20
-2.188882154241775
 30
0.0
 10
2.188882154241951
 20
-1.042236799775526
 30
0.0
 10
2.875689126970469
 20
-0.5823984036765538
 30
0.0
 10
4.377643504541985
 20
0.0387199923319124
 30
0.0
 10
5.192790928081916
 20
0.1999999986325555
 30
0.0
 10
5.999086170938345
 20
0.2000000000000026
 30
0.0
  0
LINE
  5
C0
330
1F
100
AcDbEntity
  8
0
  6
Continuous
 62
     7
370
    25
100
AcDbLine
 10
-0.2
 20
-21.4256564939
 30
0.0
 11
-0.2
 21
-5.9990861708
 31
0.0
  0
SPLINE
  5
C1
330
1F
100
AcDbEntity
  8
0
  6
Continuous
 62
     7
370
    25
100
AcDbSpline
210
0.0
220
0.0
230
1.0
 70
     8
 71
     3
 72
    10
 73
     6
 74
     0
 42
0.000000001
 43
0.00000001
 40
-0.5235108445877249
 40
-0.5235108445877249
 40
-0.5235108445877249
 40
-0.5235108445877249
 40
0.0000000000000001
 40
0.0000000000000001
 40
0.5235108445877251
 40
0.5235108445877251
 40
0.5235108445877251
 40
0.5235108445877251
 10
2.899543085469167
 20
-26.79422259814748
 30
0.0
 10
1.973216687279893
 20
-26.25940780046944
 30
0.0
 10
1.173805300288448
 20
-25.46624093483871
 30
0.0
 10
0.0871969635957526
 20
-23.58418008775719
 30
0.0
 10
-0.1999999979870454
 20
-22.4952860857335
 30
0.0
 10
-0.2
 20
-21.42565649386607
 30
0.0
  0
LINE
  5
C2
330
1F
100
AcDbEntity
  8
0
  6
Continuous
 62
     7
370
    25
100
AcDbLine
 10
3.9001523048
 20
-27.3719246003
 30
0.0
 11
2.8995430855
 21
-26.7942225981
 31
0.0
  0
SPLINE
  5
C3
330
1F
100
AcDbEntity
  8
0
  6
Continuous
 62
     7
370
    25
100
AcDbSpline
210
0.0
220
0.0
230
1.0
 70
     8
 71
     3
 72
    10
 73
     6
 74
     0
 42
0.000000001
 43
0.00000001
 40
2.618081809001935
 40
2.618081809001935
 40
2.618081809001935
 40
2.618081809001935
 40
3.141592653589662
 40
3.141592653589662
 40
3.665103498177388
 40
3.665103498177388
 40
3.665103498177388
 40
3.665103498177388
 10
4.800000000000002
 20
-28.93050652739156
 30
0.0
 10
4.799999993069143
 20
-28.61997561496084
 30
0.0
 10
4.716622846328228
 20
-28.30385155863474
 30
0.0
 10
4.401162850358676
 20
-27.75745881786046
 30
0.0
 10
4.169079960202343
 20
-27.52719006252686
 30
0.0
 10
3.900152304843608
 20
-27.37192460030693
 30
0.0
  0
LINE
  5
C4
330
1F
100
AcDbEntity
  8
0
  6
Continuous
 62
     7
370
    25
100
AcDbLine
 10
4.8
 20
-88.0694934726
 30
0.0
 11
4.8
 21
-28.9305065274
 31
0.0
  0
SPLINE
  5
C5
330
1F
100
AcDbEntity
  8
0
  6
Continuous
 62
     7
370
    25
100
AcDbSpline
210
0.0
220
0.0
230
1.0
 70
     8
 71
     3
 72
    10
 73
     6
 74
     0
 42
0.000000001
 43
0.00000001
 40
2.618081809002066
 40
2.618081809002066
 40
2.618081809002066
 40
2.618081809002066
 40
3.141592653589791
 40
3.141592653589791
 40
3.665103498177516
 40
3.665103498177516
 40
3.665103498177516
 40
3.665103498177516
 10
3.900152304843615
 20
-89.62807539969306
 30
0.0
 10
4.169079960205319
 20
-89.47280993747513
 30
0.0
 10
4.401162850358813
 20
-89.24254118214392
 30
0.0
 10
4.716622846328091
 20
-88.69614844136088
 30
0.0
 10
4.799999993069005
 20
-88.38002438504245
 30
0.0
 10
4.799999999999999
 20
-88.06949347260844
 30
0.0
  0
LINE
  5
C6
330
1F
100
AcDbEntity
  8
0
  6
Continuous
 62
     7
370
    25
100
AcDbLine
 10
2.8995430855
 20
-90.2057774019
 30
0.0
 11
3.9001523048
 21
-89.6280753997
 31
0.0
  0
SPLINE
  5
C7
330
1F
100
AcDbEntity
  8
0
  6
Continuous
 62
     7
370
    25
100
AcDbSpline
210
0.0
220
0.0
230
1.0
 70
     8
 71
     3
 72
    10
 73
     6
 74
     0
 42
0.000000001
 43
0.00000001
 40
-0.5235108445874932
 40
-0.5235108445874932
 40
-0.5235108445874932
 40
-0.5235108445874932
 40
0.0000000000002331
 40
0.0000000000002331
 40
0.5235108445879594
 40
0.5235108445879594
 40
0.5235108445879594
 40
0.5235108445879594
 10
-0.1999999999999974
 20
-95.57434350613393
 30
0.0
 10
-0.1999999979870283
 20
-94.50471391426368
 30
0.0
 10
0.0871969635958704
 20
-93.41581991224659
 30
0.0
 10
1.173805300288337
 20
-91.53375906515751
 30
0.0
 10
1.973216687262981
 20
-90.7405921995039
 30
0.0
 10
2.89954308546918
 20
-90.20577740185253
 30
0.0
  0
LINE
  5
C8
330
1F
100
AcDbEntity
  8
0
  6
Continuous
 62
     7
370
    25
100
AcDbLine
 10
-0.2
 20
-111.0009138291
 30
0.0
 11
-0.2
 21
-95.574343506
 31
0.0
  0
SPLINE
  5
C9
330
1F
100
AcDbEntity
  8
0
  6
Continuous
 62
     7
370
    25
100
AcDbSpline
210
0.0
220
0.0
230
1.0
 70
     8
 71
     3
 72
    14
 73
    10
 74
     0
 42
0.000000001
 43
0.00000001
 40
-0.7852458701498677
 40
-0.7852458701498677
 40
-0.7852458701498677
 40
-0.7852458701498677
 40
-0.3926229350749335
 40
-0.3926229350749335
 40
0.0000000000000008
 40
0.0000000000000008
 40
0.392622935074935
 40
0.392622935074935
 40
0.7852458701498692
 40
0.7852458701498692
 40
0.7852458701498692
 40
0.7852458701498692
 10
5.999086170938346
 20
-117.2
 30
0.0
 10
5.192790928081782
 20
-117.1999999986684
 30
0.0
 10
4.377643504542158
 20
-117.038719992325
 30
0.0
 10
2.875689126970287
 20
-116.4176015963304
 30
0.0
 10
2.188882154241859
 20
-115.9577632002399
 30
0.0
 10
1.042236799775432
 20
-114.8111178457428
 30
0.0
 10
0.5823984036765286
 20
-114.124310873028
 30
0.0
 10
-0.0387199923318943
 20
-112.6223564954596
 30
0.0
 10
-0.1999999986325883
 20
-111.8072090719169
 30
0.0
 10
-0.2000000000000026
 20
-111.0009138290616
 30
0.0
  0
LINE
  5
CA
330
1F
100
AcDbEntity
  8
0
  6
Continuous
 62
     7
370
    25
100
AcDbLine
 10
22.4256564939
 20
-117.2
 30
0.0
 11
5.9990861709
 21
-117.2
 31
0.0
  0
ENDSEC
  0
SECTION
  2
OBJECTS
  0
DICTIONARY
  5
C
330
0
100
AcDbDictionary
281
     1
  3
ACAD_GROUP
350
D
  3
ACAD_LAYOUT
350
1A
  3
ACAD_MLINESTYLE
350
17
  3
ACAD_PLOTSETTINGS
350
19
  3
ACAD_PLOTSTYLENAME
350
E
  3
ACAD_SCALELIST
350
47
  0
DICTIONARY
  5
D
102
{ACAD_REACTORS
330
C
102
}
330
C
100
AcDbDictionary
281
     1
  0
DICTIONARY
  5
1A
102
{ACAD_REACTORS
330
C
102
}
330
C
100
AcDbDictionary
281
     1
  3
Layout1
350
1E
  3
Layout2
350
26
  3
Model
350
22
  0
DICTIONARY
  5
17
102
{ACAD_REACTORS
330
C
102
}
330
C
100
AcDbDictionary
281
     1
  3
Standard
350
18
  0
DICTIONARY
  5
19
102
{ACAD_REACTORS
330
C
102
}
330
C
100
AcDbDictionary
281
     1
  0
ACDBDICTIONARYWDFLT
  5
E
102
{ACAD_REACTORS
330
C
102
}
330
C
100
AcDbDictionary
281
     1
  3
Normal
350
F
100
AcDbDictionaryWithDefault
340
F
  0
DICTIONARY
  5
47
102
{ACAD_REACTORS
330
C
102
}
330
C
100
AcDbDictionary
281
     1
  3
A0
350
48
  3
A1
350
49
  3
A2
350
4A
  3
A3
350
4B
  3
A4
350
4C
  3
A5
350
4D
  3
A6
350
4E
  3
A7
350
4F
  3
A8
350
50
  3
A9
350
51
  3
B0
350
52
  3
B1
350
53
  3
B2
350
54
  3
B3
350
55
  3
B4
350
56
  3
B5
350
57
  3
B6
350
58
  3
B7
350
59
  3
B8
350
5A
  3
B9
350
5B
  3
C0
350
5C
  3
C1
350
5D
  3
C2
350
5E
  3
C3
350
5F
  3
C4
350
60
  3
C5
350
61
  3
C6
350
62
  3
C7
350
63
  3
C8
350
64
  3
C9
350
65
  3
D0
350
66
  3
D1
350
67
  3
D2
350
68
  0
LAYOUT
  5
1E
102
{ACAD_REACTORS
330
1A
102
}
330
1A
100
AcDbPlotSettings
  1

  2
none_device
  4

  6

 40
0.0
 41
0.0
 42
0.0
 43
0.0
 44
0.0
 45
0.0
 46
0.0
 47
0.0
 48
0.0
 49
0.0
140
0.0
141
0.0
142
1.0
143
1.0
 70
   688
 72
     1
 73
     0
 74
     5
  7

 75
    16
147
1.0
148
0.0
149
0.0
100
AcDbLayout
  1
Layout1
 70
     1
 71
     1
 10
0.0
 20
0.0
 11
420.0
 21
297.0
 12
0.0
 22
0.0
 32
0.0
 14
1.0000000000E+20
 24
1.0000000000E+20
 34
1.0000000000E+20
 15
-1.0000000000E+20
 25
-1.0000000000E+20
 35
-1.0000000000E+20
146
0.0
 13
0.0
 23
0.0
 33
0.0
 16
1.0
 26
0.0
 36
0.0
 17
0.0
 27
1.0
 37
0.0
 76
     0
330
1B
  0
LAYOUT
  5
26
102
{ACAD_REACTORS
330
1A
102
}
330
1A
100
AcDbPlotSettings
  1

  2
none_device
  4

  6

 40
0.0
 41
0.0
 42
0.0
 43
0.0
 44
0.0
 45
0.0
 46
0.0
 47
0.0
 48
0.0
 49
0.0
140
0.0
141
0.0
142
1.0
143
1.0
 70
   688
 72
     1
 73
     0
 74
     5
  7

 75
    16
147
1.0
148
0.0
149
0.0
100
AcDbLayout
  1
Layout2
 70
     1
 71
     2
 10
0.0
 20
0.0
 11
0.0
 21
0.0
 12
0.0
 22
0.0
 32
0.0
 14
0.0
 24
0.0
 34
0.0
 15
0.0
 25
0.0
 35
0.0
146
0.0
 13
0.0
 23
0.0
 33
0.0
 16
1.0
 26
0.0
 36
0.0
 17
0.0
 27
1.0
 37
0.0
 76
     0
330
23
  0
LAYOUT
  5
22
102
{ACAD_REACTORS
330
1A
102
}
330
1A
100
AcDbPlotSettings
  1

  2
none_device
  4
ANSI_A_(11.00_x_8.50_Inches)
  6

 40
6.35
 41
19.05
 42
6.35000508
 43
19.05000254
 44
279.4
 45
215.9
 46
34.1261090443
 47
195.4063743688
 48
0.0
 49
0.0
140
0.0
141
0.0
142
0.0716780239
143
1.0
 70
  1696
 72
     0
 73
     0
 74
     0
  7

 75
     0
147
0.0179189148
148
-1300.4909072572
149
0.0
100
AcDbLayout
  1
Model
 70
     1
 71
     0
 10
0.0
 20
0.0
 11
420.0
 21
297.0
 12
0.0
 22
0.0
 32
0.0
 14
-0.2
 24
-117.2
 34
0.0
 15
109.2
 25
0.2
 35
0.0
146
0.0
 13
0.0
 23
0.0
 33
0.0
 16
1.0
 26
0.0
 36
0.0
 17
0.0
 27
1.0
 37
0.0
 76
     0
330
1F
331
29
  0
MLINESTYLE
  5
18
102
{ACAD_REACTORS
330
17
102
}
330
17
100
AcDbMlineStyle
  2
Standard
 70
     0
  3

 62
   256
 51
90.0
 52
90.0
 71
     2
 49
0.5
 62
   256
  6
BYLAYER
 49
-0.5
 62
   256
  6
BYLAYER
  0
ACDBPLACEHOLDER
  5
F
102
{ACAD_REACTORS
330
E
102
}
330
E
  0
SCALE
  5
48
102
{ACAD_REACTORS
330
47
102
}
330
47
100
AcDbScale
 70
     0
300
1:1
140
1.0
141
1.0
290
     1
  0
SCALE
  5
49
102
{ACAD_REACTORS
330
47
102
}
330
47
100
AcDbScale
 70
     0
300
1:2
140
1.0
141
2.0
290
     0
  0
SCALE
  5
4A
102
{ACAD_REACTORS
330
47
102
}
330
47
100
AcDbScale
 70
     0
300
1:4
140
1.0
141
4.0
290
     0
  0
SCALE
  5
4B
102
{ACAD_REACTORS
330
47
102
}
330
47
100
AcDbScale
 70
     0
300
1:5
140
1.0
141
5.0
290
     0
  0
SCALE
  5
4C
102
{ACAD_REACTORS
330
47
102
}
330
47
100
AcDbScale
 70
     0
300
1:8
140
1.0
141
8.0
290
     0
  0
SCALE
  5
4D
102
{ACAD_REACTORS
330
47
102
}
330
47
100
AcDbScale
 70
     0
300
1:10
140
1.0
141
10.0
290
     0
  0
SCALE
  5
4E
102
{ACAD_REACTORS
330
47
102
}
330
47
100
AcDbScale
 70
     0
300
1:16
140
1.0
141
16.0
290
     0
  0
SCALE
  5
4F
102
{ACAD_REACTORS
330
47
102
}
330
47
100
AcDbScale
 70
     0
300
1:20
140
1.0
141
20.0
290
     0
  0
SCALE
  5
50
102
{ACAD_REACTORS
330
47
102
}
330
47
100
AcDbScale
 70
     0
300
1:30
140
1.0
141
30.0
290
     0
  0
SCALE
  5
51
102
{ACAD_REACTORS
330
47
102
}
330
47
100
AcDbScale
 70
     0
300
1:40
140
1.0
141
40.0
290
     0
  0
SCALE
  5
52
102
{ACAD_REACTORS
330
47
102
}
330
47
100
AcDbScale
 70
     0
300
1:50
140
1.0
141
50.0
290
     0
  0
SCALE
  5
53
102
{ACAD_REACTORS
330
47
102
}
330
47
100
AcDbScale
 70
     0
300
1:100
140
1.0
141
100.0
290
     0
  0
SCALE
  5
54
102
{ACAD_REACTORS
330
47
102
}
330
47
100
AcDbScale
 70
     0
300
2:1
140
2.0
141
1.0
290
     0
  0
SCALE
  5
55
102
{ACAD_REACTORS
330
47
102
}
330
47
100
AcDbScale
 70
     0
300
4:1
140
4.0
141
1.0
290
     0
  0
SCALE
  5
56
102
{ACAD_REACTORS
330
47
102
}
330
47
100
AcDbScale
 70
     0
300
8:1
140
8.0
141
1.0
290
     0
  0
SCALE
  5
57
102
{ACAD_REACTORS
330
47
102
}
330
47
100
AcDbScale
 70
     0
300
10:1
140
10.0
141
1.0
290
     0
  0
SCALE
  5
58
102
{ACAD_REACTORS
330
47
102
}
330
47
100
AcDbScale
 70
     0
300
100:1
140
100.0
141
1.0
290
     0
  0
SCALE
  5
59
102
{ACAD_REACTORS
330
47
102
}
330
47
100
AcDbScale
 70
     0
300
1/128" = 1'-0"
140
0.0078125
141
12.0
290
     0
  0
SCALE
  5
5A
102
{ACAD_REACTORS
330
47
102
}
330
47
100
AcDbScale
 70
     0
300
1/64" = 1'-0"
140
0.015625
141
12.0
290
     0
  0
SCALE
  5
5B
102
{ACAD_REACTORS
330
47
102
}
330
47
100
AcDbScale
 70
     0
300
1/32" = 1'-0"
140
0.03125
141
12.0
290
     0
  0
SCALE
  5
5C
102
{ACAD_REACTORS
330
47
102
}
330
47
100
AcDbScale
 70
     0
300
1/16" = 1'-0"
140
0.0625
141
12.0
290
     0
  0
SCALE
  5
5D
102
{ACAD_REACTORS
330
47
102
}
330
47
100
AcDbScale
 70
     0
300
3/32" = 1'-0"
140
0.09375
141
12.0
290
     0
  0
SCALE
  5
5E
102
{ACAD_REACTORS
330
47
102
}
330
47
100
AcDbScale
 70
     0
300
1/8" = 1'-0"
140
0.125
141
12.0
290
     0
  0
SCALE
  5
5F
102
{ACAD_REACTORS
330
47
102
}
330
47
100
AcDbScale
 70
     0
300
3/16" = 1'-0"
140
0.1875
141
12.0
290
     0
  0
SCALE
  5
60
102
{ACAD_REACTORS
330
47
102
}
330
47
100
AcDbScale
 70
     0
300
1/4" = 1'-0"
140
0.25
141
12.0
290
     0
  0
SCALE
  5
61
102
{ACAD_REACTORS
330
47
102
}
330
47
100
AcDbScale
 70
     0
300
3/8" = 1'-0"
140
0.375
141
12.0
290
     0
  0
SCALE
  5
62
102
{ACAD_REACTORS
330
47
102
}
330
47
100
AcDbScale
 70
     0
300
1/2" = 1'-0"
140
0.5
141
12.0
290
     0
  0
SCALE
  5
63
102
{ACAD_REACTORS
330
47
102
}
330
47
100
AcDbScale
 70
     0
300
3/4" = 1'-0"
140
0.75
141
12.0
290
     0
  0
SCALE
  5
64
102
{ACAD_REACTORS
330
47
102
}
330
47
100
AcDbScale
 70
     0
300
1" = 1'-0"
140
1.0
141
12.0
290
     0
  0
SCALE
  5
65
102
{ACAD_REACTORS
330
47
102
}
330
47
100
AcDbScale
 70
     0
300
1-1/2" = 1'-0"
140
1.5
141
12.0
290
     0
  0
SCALE
  5
66
102
{ACAD_REACTORS
330
47
102
}
330
47
100
AcDbScale
 70
     0
300
3" = 1'-0"
140
3.0
141
12.0
290
     0
  0
SCALE
  5
67
102
{ACAD_REACTORS
330
47
102
}
330
47
100
AcDbScale
 70
     0
300
6" = 1'-0"
140
6.0
141
12.0
290
     0
  0
SCALE
  5
68
102
{ACAD_REACTORS
330
47
102
}
330
47
100
AcDbScale
 70
     0
300
1'-0" = 1'-0"
140
12.0
141
12.0
290
     0
  0
ENDSEC
  0
EOF
