  0
SECTION
  2
HEADER
  9
$ACADVER
  1
AC1009
  9
$INSBASE
 10
0.0
 20
0.0
 30
0.0
  9
$EXTMIN
 10
-97.962057900693722
 20
-247.5863853257783092
 30
0.0
  9
$EXTMAX
 10
1195.5001472827000271
 20
902.8447378239131922
 30
0.0
  9
$LIMMIN
 10
0.0
 20
0.0
  9
$LIMMAX
 10
420.0
 20
297.0
  9
$ORTHOMODE
 70
     1
  9
$REGENMODE
 70
     1
  9
$FILLMODE
 70
     1
  9
$QTEXTMODE
 70
     0
  9
$MIRRTEXT
 70
     1
  9
$DRAGMODE
 70
     2
  9
$LTSCALE
 40
1.0
  9
$OSMODE
 70
  2991
  9
$ATTMODE
 70
     1
  9
$TEXTSIZE
 40
15.0
  9
$TRACEWID
 40
1.0
  9
$TEXTSTYLE
  7
STANDARD
  9
$CLAYER
  8
0
  9
$CELTYPE
  6
BYLAYER
  9
$CECOLOR
 62
     6
  9
$DIMSCALE
 40
1.0
  9
$DIMASZ
 40
6.0
  9
$DIMEXO
 40
1.0
  9
$DIMDLI
 40
3.75
  9
$DIMRND
 40
0.0
  9
$DIMDLE
 40
0.0
  9
$DIMEXE
 40
1.0
  9
$DIMTP
 40
0.0
  9
$DIMTM
 40
0.0
  9
$DIMTXT
 40
4.0
  9
$DIMCEN
 40
2.5
  9
$DIMTSZ
 40
0.0
  9
$DIMTOL
 70
     0
  9
$DIMLIM
 70
     0
  9
$DIMTIH
 70
     1
  9
$DIMTOH
 70
     1
  9
$DIMSE1
 70
     0
  9
$DIMSE2
 70
     0
  9
$DIMTAD
 70
     1
  9
$DIMZIN
 70
     0
  9
$DIMBLK
  1

  9
$DIMASO
 70
     1
  9
$DIMSHO
 70
     1
  9
$DIMPOST
  1

  9
$DIMAPOST
  1

  9
$DIMALT
 70
     0
  9
$DIMALTD
 70
     3
  9
$DIMALTF
 40
0.0393700787
  9
$DIMLFAC
 40
1.0
  9
$DIMTOFL
 70
     1
  9
$DIMTVP
 40
0.0
  9
$DIMTIX
 70
     0
  9
$DIMSOXD
 70
     0
  9
$DIMSAH
 70
     0
  9
$DIMBLK1
  1

  9
$DIMBLK2
  1

  9
$DIMSTYLE
  2
ISO-25
  9
$DIMCLRD
 70
     0
  9
$DIMCLRE
 70
     0
  9
$DIMCLRT
 70
     0
  9
$DIMTFAC
 40
1.0
  9
$DIMGAP
 40
3.0
  9
$LUNITS
 70
     2
  9
$LUPREC
 70
     0
  9
$SKETCHINC
 40
1.0
  9
$FILLETRAD
 40
10.0
  9
$AUNITS
 70
     0
  9
$AUPREC
 70
     0
  9
$MENU
  1
.
  9
$ELEVATION
 40
0.0
  9
$PELEVATION
 40
0.0
  9
$THICKNESS
 40
0.0
  9
$LIMCHECK
 70
     0
  9
$BLIPMODE
 70
     0
  9
$CHAMFERA
 40
0.0
  9
$CHAMFERB
 40
0.0
  9
$SKPOLY
 70
     0
  9
$TDCREATE
 40
2459412.5540509261190891
  9
$TDUPDATE
 40
2459453.422835648059845
  9
$TDINDWG
 40
0.2935995486
  9
$TDUSRTIMER
 40
0.2935995486
  9
$USRTIMER
 70
     1
  9
$ANGBASE
 50
0.0
  9
$ANGDIR
 70
     0
  9
$PDMODE
 70
     0
  9
$PDSIZE
 40
-1.0
  9
$PLINEWID
 40
0.0
  9
$COORDS
 70
     1
  9
$SPLFRAME
 70
     0
  9
$SPLINETYPE
 70
     6
  9
$SPLINESEGS
 70
     8
  9
$ATTDIA
 70
     1
  9
$ATTREQ
 70
     1
  9
$HANDLING
 70
     1
  9
$HANDSEED
  5
814
  9
$SURFTAB1
 70
     6
  9
$SURFTAB2
 70
     6
  9
$SURFTYPE
 70
     6
  9
$SURFU
 70
     6
  9
$SURFV
 70
     6
  9
$UCSNAME
  2

  9
$UCSORG
 10
0.0
 20
0.0
 30
0.0
  9
$UCSXDIR
 10
1.0
 20
0.0
 30
0.0
  9
$UCSYDIR
 10
0.0
 20
1.0
 30
0.0
  9
$PUCSNAME
  2

  9
$PUCSORG
 10
0.0
 20
0.0
 30
0.0
  9
$PUCSXDIR
 10
1.0
 20
0.0
 30
0.0
  9
$PUCSYDIR
 10
0.0
 20
1.0
 30
0.0
  9
$USERI1
 70
     0
  9
$USERI2
 70
     0
  9
$USERI3
 70
     0
  9
$USERI4
 70
     0
  9
$USERI5
 70
     0
  9
$USERR1
 40
0.0
  9
$USERR2
 40
0.0
  9
$USERR3
 40
0.0
  9
$USERR4
 40
0.0
  9
$USERR5
 40
0.0
  9
$WORLDVIEW
 70
     1
  9
$SHADEDGE
 70
     3
  9
$SHADEDIF
 70
    70
  9
$TILEMODE
 70
     1
  9
$MAXACTVP
 70
    64
  9
$PLIMCHECK
 70
     0
  9
$PEXTMIN
 10
1.0000000000000000E+20
 20
1.0000000000000000E+20
 30
1.0000000000000000E+20
  9
$PEXTMAX
 10
-1.0000000000000000E+20
 20
-1.0000000000000000E+20
 30
-1.0000000000000000E+20
  9
$PLIMMIN
 10
0.0
 20
0.0
  9
$PLIMMAX
 10
420.0
 20
297.0
  9
$UNITMODE
 70
     0
  9
$VISRETAIN
 70
     1
  9
$PLINEGEN
 70
     0
  9
$PSLTSCALE
 70
     1
  0
ENDSEC
  0
SECTION
  2
TABLES
  0
TABLE
  2
VPORT
 70
     1
  0
VPORT
  2
*ACTIVE
 70
     0
 10
0.0
 20
0.0
 11
1.0
 21
1.0
 12
1376.110998118695079
 22
637.1918318270043073
 13
0.0
 23
0.0
 14
10.0
 24
10.0
 15
10.0
 25
10.0
 16
0.0
 26
0.0
 36
1.0
 17
0.0
 27
0.0
 37
0.0
 40
1666.1545704450609264
 41
1.8876941457586609
 42
50.0
 43
0.0
 44
0.0
 50
0.0
 51
0.0
 71
     0
 72
   100
 73
     1
 74
     3
 75
     0
 76
     0
 77
     0
 78
     0
  0
ENDTAB
  0
TABLE
  2
LTYPE
 70
     7
  0
LTYPE
  2
CONTINUOUS
 70
     0
  3
Solid line
 72
    65
 73
     0
 40
0.0
  0
LTYPE
  2
HIDDEN
 70
     0
  3
Hidden __ __ __ __ __ __ __ __ __ __ __ __ __ __
 72
    65
 73
     2
 40
1.905
 49
1.27
 49
-0.635
  0
LTYPE
  2
PHANTOM
 70
     0
  3
Phantom ______  __  __  ______  __  __  ______
 72
    65
 73
     6
 40
12.6999999999999993
 49
6.349999999999997
 49
-1.27
 49
1.27
 49
-1.27
 49
1.27
 49
-1.27
  0
LTYPE
  2
CENTER
 70
     0
  3
Center ____ _ ____ _ ____ _ ____ _ ____ _ ____
 72
    65
 73
     4
 40
10.1600000000000001
 49
6.349999999999997
 49
-1.27
 49
1.27
 49
-1.27
  0
LTYPE
  2
CENTERX2
 70
     0
  3
Center (2x) ________  __  ________  __  _____
 72
    65
 73
     4
 40
20.3200000000000003
 49
12.6999999999999993
 49
-2.54
 49
2.54
 49
-2.54
  0
LTYPE
  2
DOT2
 70
     0
  3
Dot (.5x) ........................................
 72
    65
 73
     2
 40
0.635
 49
0.0
 49
-0.635
  0
ENDTAB
  0
TABLE
  2
LAYER
 70
     2
  0
LAYER
  2
0
 70
     0
 62
     7
  6
CONTINUOUS
  0
LAYER
  2
DEFPOINTS
 70
     0
 62
     7
  6
CONTINUOUS
  0
ENDTAB
  0
TABLE
  2
STYLE
 70
     2
  0
STYLE
  2
STANDARD
 70
     0
 40
0.0
 41
1.0
 50
0.0
 71
     0
 42
15.0
  3
txt
  4

  0
STYLE
  2
ANNOTATIVE
 70
     0
 40
0.0
 41
1.0
 50
0.0
 71
     0
 42
0.2
  3
txt
  4

  0
ENDTAB
  0
TABLE
  2
VIEW
 70
     0
  0
ENDTAB
  0
TABLE
  2
UCS
 70
     0
  0
ENDTAB
  0
TABLE
  2
APPID
 70
     5
  0
APPID
  2
ACAD
 70
     0
  0
APPID
  2
ACADANNOTATIVE
 70
     0
  0
APPID
  2
ACAD_NAV_VCDISPLAY
 70
     0
  0
APPID
  2
ACAD_EXEMPT_FROM_CAD_STANDARDS
 70
     0
  0
APPID
  2
ACAD_MLEADERVER
 70
     0
  0
ENDTAB
  0
TABLE
  2
DIMSTYLE
 70
     3
  0
DIMSTYLE
  2
STANDARD
 70
     0
  3

  4

  5

  6

  7

 40
1.0
 41
0.18
 42
0.0625
 43
0.38
 44
0.18
 45
0.0
 46
0.0
 47
0.0
 48
0.0
140
0.18
141
0.09
142
0.0
143
25.3999999999999986
144
1.0
145
0.0
146
1.0
147
0.09
 71
     0
 72
     0
 73
     1
 74
     1
 75
     0
 76
     0
 77
     0
 78
     0
170
     0
171
     2
172
     0
173
     0
174
     0
175
     0
176
     0
177
     0
178
     0
  0
DIMSTYLE
  2
ANNOTATIVE
 70
     0
  3

  4

  5

  6

  7

 40
1.0
 41
0.18
 42
0.0625
 43
0.38
 44
0.18
 45
0.0
 46
0.0
 47
0.0
 48
0.0
140
0.18
141
0.09
142
0.0
143
25.3999999999999986
144
1.0
145
0.0
146
1.0
147
0.09
 71
     0
 72
     0
 73
     1
 74
     1
 75
     0
 76
     0
 77
     0
 78
     0
170
     0
171
     2
172
     0
173
     0
174
     0
175
     0
176
     0
177
     0
178
     0
  0
DIMSTYLE
  2
ISO-25
 70
     0
  3

  4

  5

  6

  7

 40
1.0
 41
2.5
 42
0.625
 43
3.75
 44
1.25
 45
0.0
 46
0.0
 47
0.0
 48
0.0
140
2.5
141
2.5
142
0.0
143
0.0393700787
144
1.0
145
0.0
146
1.0
147
0.625
 71
     0
 72
     0
 73
     0
 74
     0
 75
     0
 76
     0
 77
     1
 78
     8
170
     0
171
     3
172
     1
173
     0
174
     0
175
     0
176
     0
177
     0
178
     0
  0
ENDTAB
  0
ENDSEC
  0
SECTION
  2
BLOCKS
  0
BLOCK
  8
0
  2
$MODEL_SPACE
 70
     0
 10
0.0
 20
0.0
 30
0.0
  3
$MODEL_SPACE
  1

  0
ENDBLK
  5
69A
  8
0
  0
BLOCK
 67
     1
  8
0
  2
$PAPER_SPACE
 70
     0
 10
0.0
 20
0.0
 30
0.0
  3
$PAPER_SPACE
  1

  0
ENDBLK
  5
696
 67
     1
  8
0
  0
BLOCK
  8
0
 62
     1
  2
*D2
 70
     1
 10
0.0
 20
0.0
 30
0.0
  3
*D2
  1

  0
LINE
  5
290
  8
0
 62
     0
 10
-82.2620579006937334
 20
94.0038776482000316
 30
0.0
 11
-210.6274264595423915
 21
94.0038776482000031
 31
0.0
  0
LINE
  5
291
  8
0
 62
     0
 10
327.5000736393001262
 20
88.4999999958000103
 30
0.0
 11
-210.6274264595423915
 21
88.4999999957999535
 31
0.0
  0
LINE
  5
292
  8
0
 62
     0
 10
-209.6274264595423062
 20
100.0038776482000031
 30
0.0
 11
-209.6274264595423062
 21
106.0038776482000031
 31
0.0
  0
LINE
  5
293
  8
0
 62
     0
 10
-209.6274264595423062
 20
82.4999999957999535
 30
0.0
 11
-209.6274264595423062
 21
76.4999999957999535
 31
0.0
  0
LINE
  5
294
  8
0
 62
     0
 10
-209.6274264595423062
 20
76.4999999957999535
 30
0.0
 11
-231.9607597928757059
 21
76.499999995799925
 31
0.0
  0
LINE
  5
295
  8
0
 62
     0
 10
-209.6274264595423062
 20
94.0038776482000031
 30
0.0
 11
-209.6274264595423062
 21
88.4999999957999535
 31
0.0
  0
SOLID
  5
296
  8
0
 62
     0
 10
-210.6274264595423062
 20
100.0038776482000031
 30
0.0
 11
-208.6274264595423062
 21
100.0038776482000031
 31
0.0
 12
-209.6274264595423062
 22
94.0038776482000031
 32
0.0
 13
-209.6274264595423062
 23
94.0038776482000031
 33
0.0
  0
SOLID
  5
297
  8
0
 62
     0
 10
-210.6274264595423062
 20
82.4999999957999535
 30
0.0
 11
-208.6274264595423062
 21
82.4999999957999535
 31
0.0
 12
-209.6274264595423062
 22
88.4999999957999535
 32
0.0
 13
-209.6274264595423062
 23
88.4999999957999535
 33
0.0
  0
INSERT
  5
298
  8
0
 62
     1
  2
*U3
 10
0.0
 20
0.0
 30
0.0
  0
POINT
  5
299
  8
DEFPOINTS
 62
     0
 10
-81.2620579006937334
 20
94.0038776482000316
 30
0.0
  0
POINT
  5
29A
  8
DEFPOINTS
 62
     0
 10
328.5000736393001262
 20
88.4999999958000103
 30
0.0
  0
POINT
  5
29B
  8
DEFPOINTS
 62
     0
 10
-209.6274264595423062
 20
88.4999999957999535
 30
0.0
  0
ENDBLK
  5
28F
  8
0
 62
     1
  0
BLOCK
  8
0
 62
     1
  2
*U3
 70
     1
 10
0.0
 20
0.0
 30
0.0
  3
*U3
  1

  0
TEXT
  5
39B
  8
0
 62
     0
 10
-231.9607597928755922
 20
79.4999999957999819
 30
0.0
 40
4.0
  1
5.5039
  0
ENDBLK
  5
39D
  8
0
 62
     1
  0
BLOCK
  8
0
 62
     6
  2
*D4
 70
     1
 10
0.0
 20
0.0
 30
0.0
  3
*D4
  1

  0
LINE
  5
6C0
  8
0
 62
     0
 10
104.4999999957997971
 20
488.7014366843637845
 30
0.0
 11
104.4999999957997971
 21
230.1492881928770089
 31
0.0
  0
LINE
  5
6C1
  8
0
 62
     0
 10
1195.5001472827000271
 20
488.7014366843637845
 30
0.0
 11
1195.5001472827000271
 21
230.1492881928770089
 31
0.0
  0
LINE
  5
6C2
  8
0
 62
     0
 10
110.4999999957997971
 20
231.1492881928770942
 30
0.0
 11
1189.5001472827000271
 21
231.1492881928770942
 31
0.0
  0
SOLID
  5
6C3
  8
0
 62
     0
 10
110.4999999957997971
 20
232.1492881928770942
 30
0.0
 11
110.4999999957997971
 21
230.1492881928770089
 31
0.0
 12
104.4999999957997971
 22
231.1492881928770942
 32
0.0
 13
104.4999999957997971
 23
231.1492881928770942
 33
0.0
  0
SOLID
  5
6C4
  8
0
 62
     0
 10
1189.5001472827000271
 20
232.1492881928770942
 30
0.0
 11
1189.5001472827000271
 21
230.1492881928770089
 31
0.0
 12
1195.5001472827000271
 22
231.1492881928770942
 32
0.0
 13
1195.5001472827000271
 23
231.1492881928770942
 33
0.0
  0
INSERT
  5
6C5
  8
0
 62
     6
  2
*U5
 10
0.0
 20
0.0
 30
0.0
  0
POINT
  5
6C6
  8
DEFPOINTS
 62
     0
 10
104.4999999957997971
 20
489.7014366843638982
 30
0.0
  0
POINT
  5
6C7
  8
DEFPOINTS
 62
     0
 10
1195.5001472827000271
 20
489.7014366843637845
 30
0.0
  0
POINT
  5
6C8
  8
DEFPOINTS
 62
     0
 10
1195.5001472827000271
 20
231.1492881928770942
 30
0.0
  0
ENDBLK
  5
6BF
  8
0
 62
     6
  0
BLOCK
  8
0
 62
     6
  2
*U5
 70
     1
 10
0.0
 20
0.0
 30
0.0
  3
*U5
  1

  0
TEXT
  5
80C
  8
0
 62
     0
 10
637.3334069725832478
 20
234.1492881928770942
 30
0.0
 40
4.0
  1
1091.0001
  0
ENDBLK
  5
80E
  8
0
 62
     6
  0
BLOCK
  8
0
 62
     6
  2
*U6
 70
     1
 10
0.0
 20
0.0
 30
0.0
  3
*U6
  1

  0
TEXT
  5
810
  8
0
 10
396.0561724931267236
 20
173.665612620796594
 30
0.0
 40
15.0
  1
ׁבמנמקםי קונע
  0
TEXT
  5
811
  8
0
 10
601.0561724931267236
 20
173.665612620796594
 30
0.0
 40
15.0
  1
¸ז
  0
ENDBLK
  5
813
  8
0
 62
     6
  0
ENDSEC
  0
SECTION
  2
ENTITIES
  0
LINE
  5
B7
  8
0
  6
CONTINUOUS
 62
     7
 10
300.5000736393000125
 20
111.9999999957999961
 30
0.0
 11
300.5000736393000125
 21
66.9999999957999961
 31
0.0
  0
LINE
  5
B8
  8
0
  6
CONTINUOUS
 62
     7
 10
492.5000736393000125
 20
111.9999999957999961
 30
0.0
 11
300.5000736393000125
 21
111.9999999957999961
 31
0.0
  0
LINE
  5
B9
  8
0
  6
CONTINUOUS
 62
     7
 10
492.5000736393000125
 20
111.9999999957999961
 30
0.0
 11
492.5000736393000125
 21
66.9999999957999961
 31
0.0
  0
LINE
  5
BA
  8
0
  6
CONTINUOUS
 62
     7
 10
300.5000736393000125
 20
66.9999999957999961
 30
0.0
 11
492.5000736393000125
 21
66.9999999957999961
 31
0.0
  0
LINE
  5
BB
  8
0
  6
CONTINUOUS
 62
     7
 10
471.5000736393000125
 20
76.4999999957999819
 30
0.0
 11
471.5000736393000125
 21
88.4999999957999677
 31
0.0
  0
LINE
  5
BC
  8
0
  6
CONTINUOUS
 62
     7
 10
471.5000736393000125
 20
88.4999999957999677
 30
0.0
 11
428.5000736393000125
 21
88.4999999957999677
 31
0.0
  0
LINE
  5
BD
  8
0
  6
CONTINUOUS
 62
     7
 10
428.5000736393000125
 20
88.4999999957999677
 30
0.0
 11
428.5000736393000125
 21
76.4999999957999819
 31
0.0
  0
LINE
  5
BE
  8
0
  6
CONTINUOUS
 62
     7
 10
428.5000736393000125
 20
76.4999999957999819
 30
0.0
 11
471.5000736393000125
 21
76.4999999957999819
 31
0.0
  0
LINE
  5
BF
  8
0
  6
CONTINUOUS
 62
     7
 10
371.5000736393000125
 20
76.4999999957999819
 30
0.0
 11
371.5000736393000125
 21
88.4999999957999677
 31
0.0
  0
LINE
  5
C0
  8
0
  6
CONTINUOUS
 62
     7
 10
371.5000736393000125
 20
88.4999999957999677
 30
0.0
 11
328.5000736393000125
 21
88.4999999957999677
 31
0.0
  0
LINE
  5
C1
  8
0
  6
CONTINUOUS
 62
     7
 10
328.5000736393000125
 20
88.4999999957999677
 30
0.0
 11
328.5000736393000125
 21
76.4999999957999819
 31
0.0
  0
LINE
  5
C2
  8
0
  6
CONTINUOUS
 62
     7
 10
328.5000736393000125
 20
76.4999999957999819
 30
0.0
 11
371.5000736393000125
 21
76.4999999957999819
 31
0.0
  0
LINE
  5
C3
  8
0
  6
CONTINUOUS
 62
     7
 10
792.5000736392997851
 20
111.9999999957999961
 30
0.0
 11
792.5000736392997851
 21
66.9999999957999961
 31
0.0
  0
LINE
  5
C4
  8
0
  6
CONTINUOUS
 62
     7
 10
507.5000736393000125
 20
66.9999999957999961
 30
0.0
 11
792.5000736392997851
 21
66.9999999957999961
 31
0.0
  0
LINE
  5
C5
  8
0
  6
CONTINUOUS
 62
     7
 10
507.5000736393000125
 20
66.9999999957999961
 30
0.0
 11
507.5000736393000125
 21
111.9999999957999961
 31
0.0
  0
LINE
  5
C6
  8
0
  6
CONTINUOUS
 62
     7
 10
792.5000736392997851
 20
111.9999999957999961
 30
0.0
 11
507.5000736393000125
 21
111.9999999957999961
 31
0.0
  0
LINE
  5
C7
  8
0
  6
CONTINUOUS
 62
     7
 10
571.5000736393000125
 20
76.4999999957999819
 30
0.0
 11
571.5000736393000125
 21
88.4999999957999677
 31
0.0
  0
LINE
  5
C8
  8
0
  6
CONTINUOUS
 62
     7
 10
571.5000736393000125
 20
88.4999999957999677
 30
0.0
 11
528.5000736393000125
 21
88.4999999957999677
 31
0.0
  0
LINE
  5
C9
  8
0
  6
CONTINUOUS
 62
     7
 10
528.5000736393000125
 20
88.4999999957999677
 30
0.0
 11
528.5000736393000125
 21
76.4999999957999819
 31
0.0
  0
LINE
  5
CA
  8
0
  6
CONTINUOUS
 62
     7
 10
528.5000736393000125
 20
76.4999999957999819
 30
0.0
 11
571.5000736393000125
 21
76.4999999957999819
 31
0.0
  0
LINE
  5
CB
  8
0
  6
CONTINUOUS
 62
     7
 10
671.5000736393000125
 20
76.4999999957999819
 30
0.0
 11
671.5000736393000125
 21
88.4999999957999677
 31
0.0
  0
LINE
  5
CC
  8
0
  6
CONTINUOUS
 62
     7
 10
671.5000736393000125
 20
88.4999999957999677
 30
0.0
 11
628.5000736393000125
 21
88.4999999957999677
 31
0.0
  0
LINE
  5
CD
  8
0
  6
CONTINUOUS
 62
     7
 10
628.5000736393000125
 20
88.4999999957999677
 30
0.0
 11
628.5000736393000125
 21
76.4999999957999819
 31
0.0
  0
LINE
  5
CE
  8
0
  6
CONTINUOUS
 62
     7
 10
628.5000736393000125
 20
76.4999999957999819
 30
0.0
 11
671.5000736393000125
 21
76.4999999957999819
 31
0.0
  0
LINE
  5
CF
  8
0
  6
CONTINUOUS
 62
     7
 10
771.5000736392997851
 20
76.4999999957999819
 30
0.0
 11
771.5000736392997851
 21
88.4999999957999677
 31
0.0
  0
LINE
  5
D0
  8
0
  6
CONTINUOUS
 62
     7
 10
771.5000736392997851
 20
88.4999999957999677
 30
0.0
 11
728.5000736393000125
 21
88.4999999957999677
 31
0.0
  0
LINE
  5
D1
  8
0
  6
CONTINUOUS
 62
     7
 10
728.5000736393000125
 20
88.4999999957999677
 30
0.0
 11
728.5000736393000125
 21
76.4999999957999819
 31
0.0
  0
LINE
  5
D2
  8
0
  6
CONTINUOUS
 62
     7
 10
728.5000736393000125
 20
76.4999999957999819
 30
0.0
 11
771.5000736392997851
 21
76.4999999957999819
 31
0.0
  0
LINE
  5
D3
  8
0
  6
CONTINUOUS
 62
     7
 10
971.5000736392998988
 20
76.4999999957999819
 30
0.0
 11
971.5000736392998988
 21
88.4999999957999677
 31
0.0
  0
LINE
  5
D4
  8
0
  6
CONTINUOUS
 62
     7
 10
971.5000736392998988
 20
88.4999999957999677
 30
0.0
 11
928.5000736393000125
 21
88.4999999957999677
 31
0.0
  0
LINE
  5
D5
  8
0
  6
CONTINUOUS
 62
     7
 10
928.5000736393000125
 20
88.4999999957999677
 30
0.0
 11
928.5000736393000125
 21
76.4999999957999819
 31
0.0
  0
LINE
  5
D6
  8
0
  6
CONTINUOUS
 62
     7
 10
928.5000736393000125
 20
76.4999999957999819
 30
0.0
 11
971.5000736392998988
 21
76.4999999957999819
 31
0.0
  0
LINE
  5
D7
  8
0
  6
CONTINUOUS
 62
     7
 10
999.5000736392998988
 20
66.9999999957999961
 30
0.0
 11
999.5000736392998988
 21
111.9999999957999961
 31
0.0
  0
LINE
  5
D8
  8
0
  6
CONTINUOUS
 62
     7
 10
807.5000736393000125
 20
66.9999999957999961
 30
0.0
 11
999.5000736392998988
 21
66.9999999957999961
 31
0.0
  0
LINE
  5
D9
  8
0
  6
CONTINUOUS
 62
     7
 10
807.5000736393000125
 20
66.9999999957999961
 30
0.0
 11
807.5000736393000125
 21
111.9999999957999961
 31
0.0
  0
LINE
  5
DA
  8
0
  6
CONTINUOUS
 62
     7
 10
999.5000736392998988
 20
111.9999999957999961
 30
0.0
 11
807.5000736393000125
 21
111.9999999957999961
 31
0.0
  0
LINE
  5
DB
  8
0
  6
CONTINUOUS
 62
     7
 10
871.5000736392998988
 20
88.4999999957999677
 30
0.0
 11
828.5000736392997851
 21
88.4999999957999677
 31
0.0
  0
LINE
  5
DC
  8
0
  6
CONTINUOUS
 62
     7
 10
871.5000736392998988
 20
76.4999999957999819
 30
0.0
 11
871.5000736392998988
 21
88.4999999957999677
 31
0.0
  0
LINE
  5
DD
  8
0
  6
CONTINUOUS
 62
     7
 10
828.5000736392997851
 20
76.4999999957999819
 30
0.0
 11
871.5000736392998988
 21
76.4999999957999819
 31
0.0
  0
LINE
  5
DE
  8
0
  6
CONTINUOUS
 62
     7
 10
828.5000736392997851
 20
88.4999999957999677
 30
0.0
 11
828.5000736392997851
 21
76.4999999957999819
 31
0.0
  0
LINE
  5
DF
  8
0
  6
CONTINUOUS
 62
     7
 10
183.0000736393000125
 20
52.6999999957999989
 30
0.0
 11
104.4999999957999961
 21
52.6999999957999989
 31
0.0
  0
LINE
  5
E0
  8
0
  6
CONTINUOUS
 62
     7
 10
104.4999999957999961
 20
49.5999999957999904
 30
0.0
 11
104.4999999957999961
 21
145.3947738729999912
 31
0.0
  0
LINE
  5
E1
  8
0
  6
CONTINUOUS
 62
     7
 10
1195.5001472827000271
 20
145.3947738729999912
 30
0.0
 11
104.4999999957999961
 21
145.3947738729999912
 31
0.0
  0
LINE
  5
E2
  8
0
  6
CONTINUOUS
 62
     7
 10
1195.5001472827000271
 20
145.3947738729999912
 30
0.0
 11
1195.5001472827000271
 21
49.5999999957999904
 31
0.0
  0
LINE
  5
E3
  8
0
  6
CONTINUOUS
 62
     7
 10
1195.5001472827000271
 20
52.6999999957999989
 30
0.0
 11
1117.0000736392998988
 21
52.6999999957999989
 31
0.0
  0
LINE
  5
E4
  8
0
  6
CONTINUOUS
 62
     7
 10
1083.0000736392998988
 20
52.6999999957999989
 30
0.0
 11
667.0000736392998988
 21
52.6999999957999989
 31
0.0
  0
LINE
  5
E5
  8
0
  6
CONTINUOUS
 62
     7
 10
667.0000736392998988
 20
49.5999999957999904
 30
0.0
 11
667.0000736392998988
 21
54.999999995799989
 31
0.0
  0
LINE
  5
E6
  8
0
  6
CONTINUOUS
 62
     7
 10
667.0000736392998988
 20
54.999999995799989
 30
0.0
 11
633.0000736392998988
 21
54.999999995799989
 31
0.0
  0
LINE
  5
E7
  8
0
  6
CONTINUOUS
 62
     7
 10
633.0000736392998988
 20
52.6999999957999989
 30
0.0
 11
217.0000736393000125
 21
52.6999999957999989
 31
0.0
  0
LINE
  5
E8
  8
0
  6
CONTINUOUS
 62
     7
 10
217.0000736393000125
 20
49.5999999957999904
 30
0.0
 11
217.0000736393000125
 21
54.5999999957999904
 31
0.0
  0
LINE
  5
E9
  8
0
  6
CONTINUOUS
 62
     7
 10
217.0000736393000125
 20
54.5999999957999904
 30
0.0
 11
183.0000736393000125
 21
54.5999999957999904
 31
0.0
  0
LINE
  5
EA
  8
0
  6
CONTINUOUS
 62
     7
 10
183.0000736393000125
 20
54.5999999957999904
 30
0.0
 11
183.0000736393000125
 21
49.5999999957999904
 31
0.0
  0
LINE
  5
EB
  8
0
  6
CONTINUOUS
 62
     7
 10
1117.0000736392998988
 20
49.5999999957999904
 30
0.0
 11
1117.0000736392998988
 21
54.5999999957999904
 31
0.0
  0
LINE
  5
EC
  8
0
  6
CONTINUOUS
 62
     7
 10
1117.0000736392998988
 20
54.5999999957999904
 30
0.0
 11
1083.0000736392998988
 21
54.5999999957999904
 31
0.0
  0
LINE
  5
ED
  8
0
  6
CONTINUOUS
 62
     7
 10
1083.0000736392998988
 20
54.5999999957999904
 30
0.0
 11
1083.0000736392998988
 21
49.5999999957999904
 31
0.0
  0
LINE
  5
EE
  8
0
  6
CONTINUOUS
 62
     7
 10
633.0000736392998988
 20
54.999999995799989
 30
0.0
 11
633.0000736392998988
 21
49.5999999957999904
 31
0.0
  0
LINE
  5
EF
  8
0
  6
CONTINUOUS
 62
     7
 10
183.0000736393000125
 20
49.5999999957999904
 30
0.0
 11
104.4999999957999961
 21
49.5999999957999904
 31
0.0
  0
LINE
  5
F0
  8
0
  6
CONTINUOUS
 62
     7
 10
1083.0000736392998988
 20
49.5999999957999904
 30
0.0
 11
667.0000736392998988
 21
49.5999999957999904
 31
0.0
  0
LINE
  5
F1
  8
0
  6
CONTINUOUS
 62
     7
 10
633.0000736392998988
 20
49.5999999957999904
 30
0.0
 11
217.0000736393000125
 21
49.5999999957999904
 31
0.0
  0
LINE
  5
F2
  8
0
  6
CONTINUOUS
 62
     7
 10
1195.5001472827000271
 20
49.5999999957999904
 30
0.0
 11
1117.0000736392998988
 21
49.5999999957999904
 31
0.0
  0
LINE
  5
18A
  8
0
  6
CONTINUOUS
 62
     7
 10
-90.3620579006937135
 20
94.0038776482000031
 30
0.0
 11
-90.3620579006937135
 21
96.900273319799993
 31
0.0
  0
LINE
  5
18B
  8
0
  6
CONTINUOUS
 62
     7
 10
-80.9620579006936936
 20
76.2138776481999827
 30
0.0
 11
-80.9620579006936936
 21
89.6240280500999944
 31
0.0
  0
LINE
  5
18C
  8
0
  6
CONTINUOUS
 62
     7
 10
-90.2620579006936765
 20
52.6999999957999989
 30
0.0
 11
-90.2620579006936765
 21
49.5999999957999904
 31
0.0
  0
LINE
  5
18D
  8
0
  6
CONTINUOUS
 62
     7
 10
-92.9620579006936794
 20
52.6999999957999989
 30
0.0
 11
-90.2620579006936765
 21
52.6999999957999989
 31
0.0
  0
LINE
  5
18E
  8
0
  6
CONTINUOUS
 62
     7
 10
-84.7620579006937049
 20
145.3947738729999912
 30
0.0
 11
-92.9620579006936794
 21
145.3947738729999912
 31
0.0
  0
LINE
  5
18F
  8
0
  6
CONTINUOUS
 62
     7
 10
-84.7620579006937049
 20
99.400273319799993
 30
0.0
 11
-84.7620579006937049
 21
145.3947738729999912
 31
0.0
  0
LINE
  5
190
  8
0
  6
CONTINUOUS
 62
     7
 10
-90.3620579006937135
 20
96.900273319799993
 30
0.0
 11
-87.2620579006937049
 21
96.900273319799993
 31
0.0
  0
LINE
  5
191
  8
0
  6
CONTINUOUS
 62
     7
 10
-92.9620579006936794
 20
145.3947738729999912
 30
0.0
 11
-92.9620579006936794
 21
52.6999999957999989
 31
0.0
  0
LINE
  5
192
  8
0
  6
CONTINUOUS
 62
     7
 10
-85.0463337258937031
 20
94.0038776482000031
 30
0.0
 11
-90.3620579006937135
 21
94.0038776482000031
 31
0.0
  0
LINE
  5
193
  8
0
  6
CONTINUOUS
 62
     7
 10
-80.9620579006936936
 20
89.6240280500999944
 30
0.0
 11
-85.0463337258937031
 21
94.0038776482000031
 31
0.0
  0
LINE
  5
194
  8
0
  6
CONTINUOUS
 62
     7
 10
-81.5403109368936754
 20
76.2138776481999827
 30
0.0
 11
-80.9620579006936936
 21
76.2138776481999827
 31
0.0
  0
LINE
  5
195
  8
0
  6
CONTINUOUS
 62
     7
 10
-86.2620579006936623
 20
74.1148212556000061
 30
0.0
 11
-81.5403109368936754
 21
76.2138776481999827
 31
0.0
  0
LINE
  5
196
  8
0
  6
CONTINUOUS
 62
     7
 10
-86.2620579006936623
 20
49.5999999957999904
 30
0.0
 11
-86.2620579006936623
 21
74.1148212556000061
 31
0.0
  0
LINE
  5
197
  8
0
  6
CONTINUOUS
 62
     7
 10
-90.2620579006936765
 20
49.5999999957999904
 30
0.0
 11
-86.2620579006936623
 21
49.5999999957999904
 31
0.0
  0
LINE
  5
198
  8
0
  6
CONTINUOUS
 62
     7
 10
-97.962057900693722
 20
66.9999999957999961
 30
0.0
 11
-92.9620579006936794
 21
66.9999999957999961
 31
0.0
  0
LINE
  5
199
  8
0
  6
CONTINUOUS
 62
     7
 10
-97.962057900693722
 20
111.9999999957999961
 30
0.0
 11
-92.9620579006936794
 21
111.9999999957999961
 31
0.0
  0
LINE
  5
19A
  8
0
  6
CONTINUOUS
 62
     7
 10
-97.962057900693722
 20
66.9999999957999961
 30
0.0
 11
-97.962057900693722
 21
111.9999999957999961
 31
0.0
  0
ARC
  5
19B
  8
0
  6
CONTINUOUS
 62
     7
 10
-87.2620579006937049
 20
99.400273319799993
 30
0.0
 40
2.5
 50
270.0
 51
0.0
  0
POLYLINE
  5
1A3
  8
0
 62
     1
 66
     1
 10
0.0
 20
0.0
 30
0.0
 70
     1
  0
VERTEX
  5
7B2
  8
0
 62
     1
 10
-97.962057900693722
 20
111.9999999957999961
 30
0.0
  0
VERTEX
  5
7B3
  8
0
 62
     1
 10
-92.9620579006936794
 20
111.9999999957999961
 30
0.0
  0
VERTEX
  5
7B4
  8
0
 62
     1
 10
-92.9620579006936794
 20
66.9999999957999961
 30
0.0
  0
VERTEX
  5
7B5
  8
0
 62
     1
 10
-97.962057900693722
 20
66.9999999957999961
 30
0.0
  0
SEQEND
  5
7B6
  8
0
 62
     1
  0
LINE
  5
1A4
  8
0
  6
CONTINUOUS
 62
   240
 10
300.5000736393000125
 20
647.2813995240794611
 30
0.0
 11
300.5000736393000125
 21
602.2813995240793474
 31
0.0
  0
LINE
  5
1A5
  8
0
  6
CONTINUOUS
 62
   240
 10
492.5000736393000125
 20
647.2813995240794611
 30
0.0
 11
300.5000736393000125
 21
647.2813995240794611
 31
0.0
  0
LINE
  5
1A6
  8
0
  6
CONTINUOUS
 62
   240
 10
492.5000736393000125
 20
647.2813995240794611
 30
0.0
 11
492.5000736393000125
 21
602.2813995240793474
 31
0.0
  0
LINE
  5
1A7
  8
0
  6
CONTINUOUS
 62
   240
 10
300.5000736393000125
 20
602.2813995240793474
 30
0.0
 11
492.5000736393000125
 21
602.2813995240793474
 31
0.0
  0
LINE
  5
1A8
  8
0
  6
CONTINUOUS
 62
   240
 10
471.5000736393000125
 20
611.7813995240793474
 30
0.0
 11
471.5000736393000125
 21
623.7813995240793474
 31
0.0
  0
LINE
  5
1A9
  8
0
  6
CONTINUOUS
 62
   240
 10
471.5000736393000125
 20
623.7813995240793474
 30
0.0
 11
428.5000736393000125
 21
623.7813995240793474
 31
0.0
  0
LINE
  5
1AA
  8
0
  6
CONTINUOUS
 62
   240
 10
428.5000736393000125
 20
623.7813995240793474
 30
0.0
 11
428.5000736393000125
 21
611.7813995240793474
 31
0.0
  0
LINE
  5
1AB
  8
0
  6
CONTINUOUS
 62
   240
 10
428.5000736393000125
 20
611.7813995240793474
 30
0.0
 11
471.5000736393000125
 21
611.7813995240793474
 31
0.0
  0
LINE
  5
1AC
  8
0
  6
CONTINUOUS
 62
   240
 10
371.5000736393000125
 20
611.7813995240793474
 30
0.0
 11
371.5000736393000125
 21
623.7813995240793474
 31
0.0
  0
LINE
  5
1AD
  8
0
  6
CONTINUOUS
 62
   240
 10
371.5000736393000125
 20
623.7813995240793474
 30
0.0
 11
328.5000736393000125
 21
623.7813995240793474
 31
0.0
  0
LINE
  5
1AE
  8
0
  6
CONTINUOUS
 62
   240
 10
328.5000736393000125
 20
623.7813995240793474
 30
0.0
 11
328.5000736393000125
 21
611.7813995240793474
 31
0.0
  0
LINE
  5
1AF
  8
0
  6
CONTINUOUS
 62
   240
 10
328.5000736393000125
 20
611.7813995240793474
 30
0.0
 11
371.5000736393000125
 21
611.7813995240793474
 31
0.0
  0
LINE
  5
1B0
  8
0
  6
CONTINUOUS
 62
   240
 10
792.5000736392997851
 20
647.2813995240794611
 30
0.0
 11
792.5000736392997851
 21
602.2813995240793474
 31
0.0
  0
LINE
  5
1B1
  8
0
  6
CONTINUOUS
 62
   240
 10
507.5000736393000125
 20
602.2813995240793474
 30
0.0
 11
792.5000736392997851
 21
602.2813995240793474
 31
0.0
  0
LINE
  5
1B2
  8
0
  6
CONTINUOUS
 62
   240
 10
507.5000736393000125
 20
602.2813995240793474
 30
0.0
 11
507.5000736393000125
 21
647.2813995240794611
 31
0.0
  0
LINE
  5
1B3
  8
0
  6
CONTINUOUS
 62
   240
 10
792.5000736392997851
 20
647.2813995240794611
 30
0.0
 11
507.5000736393000125
 21
647.2813995240794611
 31
0.0
  0
LINE
  5
1B4
  8
0
  6
CONTINUOUS
 62
   240
 10
571.5000736393000125
 20
611.7813995240793474
 30
0.0
 11
571.5000736393000125
 21
623.7813995240793474
 31
0.0
  0
LINE
  5
1B5
  8
0
  6
CONTINUOUS
 62
   240
 10
571.5000736393000125
 20
623.7813995240793474
 30
0.0
 11
528.5000736393000125
 21
623.7813995240793474
 31
0.0
  0
LINE
  5
1B6
  8
0
  6
CONTINUOUS
 62
   240
 10
528.5000736393000125
 20
623.7813995240793474
 30
0.0
 11
528.5000736393000125
 21
611.7813995240793474
 31
0.0
  0
LINE
  5
1B7
  8
0
  6
CONTINUOUS
 62
   240
 10
528.5000736393000125
 20
611.7813995240793474
 30
0.0
 11
571.5000736393000125
 21
611.7813995240793474
 31
0.0
  0
LINE
  5
1B8
  8
0
  6
CONTINUOUS
 62
   240
 10
671.5000736393000125
 20
611.7813995240793474
 30
0.0
 11
671.5000736393000125
 21
623.7813995240793474
 31
0.0
  0
LINE
  5
1B9
  8
0
  6
CONTINUOUS
 62
   240
 10
671.5000736393000125
 20
623.7813995240793474
 30
0.0
 11
628.5000736393000125
 21
623.7813995240793474
 31
0.0
  0
LINE
  5
1BA
  8
0
  6
CONTINUOUS
 62
   240
 10
628.5000736393000125
 20
623.7813995240793474
 30
0.0
 11
628.5000736393000125
 21
611.7813995240793474
 31
0.0
  0
LINE
  5
1BB
  8
0
  6
CONTINUOUS
 62
   240
 10
628.5000736393000125
 20
611.7813995240793474
 30
0.0
 11
671.5000736393000125
 21
611.7813995240793474
 31
0.0
  0
LINE
  5
1BC
  8
0
  6
CONTINUOUS
 62
   240
 10
771.5000736392997851
 20
611.7813995240793474
 30
0.0
 11
771.5000736392997851
 21
623.7813995240793474
 31
0.0
  0
LINE
  5
1BD
  8
0
  6
CONTINUOUS
 62
   240
 10
771.5000736392997851
 20
623.7813995240793474
 30
0.0
 11
728.5000736393000125
 21
623.7813995240793474
 31
0.0
  0
LINE
  5
1BE
  8
0
  6
CONTINUOUS
 62
   240
 10
728.5000736393000125
 20
623.7813995240793474
 30
0.0
 11
728.5000736393000125
 21
611.7813995240793474
 31
0.0
  0
LINE
  5
1BF
  8
0
  6
CONTINUOUS
 62
   240
 10
728.5000736393000125
 20
611.7813995240793474
 30
0.0
 11
771.5000736392997851
 21
611.7813995240793474
 31
0.0
  0
LINE
  5
1C0
  8
0
  6
CONTINUOUS
 62
   240
 10
971.5000736392998988
 20
611.7813995240793474
 30
0.0
 11
971.5000736392998988
 21
623.7813995240793474
 31
0.0
  0
LINE
  5
1C1
  8
0
  6
CONTINUOUS
 62
   240
 10
971.5000736392998988
 20
623.7813995240793474
 30
0.0
 11
928.5000736393000125
 21
623.7813995240793474
 31
0.0
  0
LINE
  5
1C2
  8
0
  6
CONTINUOUS
 62
   240
 10
928.5000736393000125
 20
623.7813995240793474
 30
0.0
 11
928.5000736393000125
 21
611.7813995240793474
 31
0.0
  0
LINE
  5
1C3
  8
0
  6
CONTINUOUS
 62
   240
 10
928.5000736393000125
 20
611.7813995240793474
 30
0.0
 11
971.5000736392998988
 21
611.7813995240793474
 31
0.0
  0
LINE
  5
1C4
  8
0
  6
CONTINUOUS
 62
   240
 10
999.5000736392998988
 20
602.2813995240793474
 30
0.0
 11
999.5000736392998988
 21
647.2813995240794611
 31
0.0
  0
LINE
  5
1C5
  8
0
  6
CONTINUOUS
 62
   240
 10
807.5000736393000125
 20
602.2813995240793474
 30
0.0
 11
999.5000736392998988
 21
602.2813995240793474
 31
0.0
  0
LINE
  5
1C6
  8
0
  6
CONTINUOUS
 62
   240
 10
807.5000736393000125
 20
602.2813995240793474
 30
0.0
 11
807.5000736393000125
 21
647.2813995240794611
 31
0.0
  0
LINE
  5
1C7
  8
0
  6
CONTINUOUS
 62
   240
 10
999.5000736392998988
 20
647.2813995240794611
 30
0.0
 11
807.5000736393000125
 21
647.2813995240794611
 31
0.0
  0
LINE
  5
1C8
  8
0
  6
CONTINUOUS
 62
   240
 10
871.5000736392998988
 20
623.7813995240793474
 30
0.0
 11
828.5000736392997851
 21
623.7813995240793474
 31
0.0
  0
LINE
  5
1C9
  8
0
  6
CONTINUOUS
 62
   240
 10
871.5000736392998988
 20
611.7813995240793474
 30
0.0
 11
871.5000736392998988
 21
623.7813995240793474
 31
0.0
  0
LINE
  5
1CA
  8
0
  6
CONTINUOUS
 62
   240
 10
828.5000736392997851
 20
611.7813995240793474
 30
0.0
 11
871.5000736392998988
 21
611.7813995240793474
 31
0.0
  0
LINE
  5
1CB
  8
0
  6
CONTINUOUS
 62
   240
 10
828.5000736392997851
 20
623.7813995240793474
 30
0.0
 11
828.5000736392997851
 21
611.7813995240793474
 31
0.0
  0
TEXT
  5
1CD
  8
0
 62
     1
 10
396.6820058731291283
 20
733.5724908221550322
 30
0.0
 40
15.0
  1
5לל
 50
5.0
  0
POLYLINE
  5
1CE
  8
0
 62
     3
 66
     1
 10
0.0
 20
0.0
 30
0.0
 70
     1
  0
VERTEX
  5
7B7
  8
0
 62
     3
 10
-92.9620579006936794
 20
145.3947738729999912
 30
0.0
  0
VERTEX
  5
7B8
  8
0
 62
     3
 10
-89.9620579006936936
 20
145.3947738729999912
 30
0.0
  0
VERTEX
  5
7B9
  8
0
 62
     3
 10
-89.9620579006936936
 20
52.3947738729999912
 30
0.0
  0
VERTEX
  5
7BA
  8
0
 62
     3
 10
-92.9620579006936794
 20
52.3947738729999912
 30
0.0
  0
SEQEND
  5
7BB
  8
0
 62
     3
  0
LINE
  5
1D3
  8
0
  6
CONTINUOUS
 62
     3
 10
471.5000736393000125
 20
420.8066628071637183
 30
0.0
 11
471.5000736393000125
 21
432.8066628071637751
 31
0.0
  0
LINE
  5
1D4
  8
0
  6
CONTINUOUS
 62
     3
 10
471.5000736393000125
 20
432.8066628071637751
 30
0.0
 11
428.5000736393000125
 21
432.8066628071637751
 31
0.0
  0
LINE
  5
1D5
  8
0
  6
CONTINUOUS
 62
     3
 10
428.5000736393000125
 20
432.8066628071637751
 30
0.0
 11
428.5000736393000125
 21
420.8066628071637183
 31
0.0
  0
LINE
  5
1D6
  8
0
  6
CONTINUOUS
 62
     3
 10
428.5000736393000125
 20
420.8066628071637183
 30
0.0
 11
471.5000736393000125
 21
420.8066628071637183
 31
0.0
  0
LINE
  5
1D7
  8
0
  6
CONTINUOUS
 62
     3
 10
371.5000736393000125
 20
420.8066628071637183
 30
0.0
 11
371.5000736393000125
 21
432.8066628071637751
 31
0.0
  0
LINE
  5
1D8
  8
0
  6
CONTINUOUS
 62
     3
 10
371.5000736393000125
 20
432.8066628071637751
 30
0.0
 11
328.5000736393000125
 21
432.8066628071637751
 31
0.0
  0
LINE
  5
1D9
  8
0
  6
CONTINUOUS
 62
     3
 10
328.5000736393000125
 20
432.8066628071637751
 30
0.0
 11
328.5000736393000125
 21
420.8066628071637183
 31
0.0
  0
LINE
  5
1DA
  8
0
  6
CONTINUOUS
 62
     3
 10
328.5000736393000125
 20
420.8066628071637183
 30
0.0
 11
371.5000736393000125
 21
420.8066628071637183
 31
0.0
  0
LINE
  5
1DF
  8
0
  6
CONTINUOUS
 62
     3
 10
571.5000736393000125
 20
420.8066628071637183
 30
0.0
 11
571.5000736393000125
 21
432.8066628071637751
 31
0.0
  0
LINE
  5
1E0
  8
0
  6
CONTINUOUS
 62
     3
 10
571.5000736393000125
 20
432.8066628071637751
 30
0.0
 11
528.5000736393000125
 21
432.8066628071637751
 31
0.0
  0
LINE
  5
1E1
  8
0
  6
CONTINUOUS
 62
     3
 10
528.5000736393000125
 20
432.8066628071637751
 30
0.0
 11
528.5000736393000125
 21
420.8066628071637183
 31
0.0
  0
LINE
  5
1E2
  8
0
  6
CONTINUOUS
 62
     3
 10
528.5000736393000125
 20
420.8066628071637183
 30
0.0
 11
571.5000736393000125
 21
420.8066628071637183
 31
0.0
  0
LINE
  5
1E3
  8
0
  6
CONTINUOUS
 62
     3
 10
671.5000736393000125
 20
420.8066628071637183
 30
0.0
 11
671.5000736393000125
 21
432.8066628071637751
 31
0.0
  0
LINE
  5
1E4
  8
0
  6
CONTINUOUS
 62
     3
 10
671.5000736393000125
 20
432.8066628071637751
 30
0.0
 11
628.5000736393000125
 21
432.8066628071637751
 31
0.0
  0
LINE
  5
1E5
  8
0
  6
CONTINUOUS
 62
     3
 10
628.5000736393000125
 20
432.8066628071637751
 30
0.0
 11
628.5000736393000125
 21
420.8066628071637183
 31
0.0
  0
LINE
  5
1E6
  8
0
  6
CONTINUOUS
 62
     3
 10
628.5000736393000125
 20
420.8066628071637183
 30
0.0
 11
671.5000736393000125
 21
420.8066628071637183
 31
0.0
  0
LINE
  5
1E7
  8
0
  6
CONTINUOUS
 62
     3
 10
771.5000736392997851
 20
420.8066628071637183
 30
0.0
 11
771.5000736392997851
 21
432.8066628071637751
 31
0.0
  0
LINE
  5
1E8
  8
0
  6
CONTINUOUS
 62
     3
 10
771.5000736392997851
 20
432.8066628071637751
 30
0.0
 11
728.5000736393000125
 21
432.8066628071637751
 31
0.0
  0
LINE
  5
1E9
  8
0
  6
CONTINUOUS
 62
     3
 10
728.5000736393000125
 20
432.8066628071637751
 30
0.0
 11
728.5000736393000125
 21
420.8066628071637183
 31
0.0
  0
LINE
  5
1EA
  8
0
  6
CONTINUOUS
 62
     3
 10
728.5000736393000125
 20
420.8066628071637183
 30
0.0
 11
771.5000736392997851
 21
420.8066628071637183
 31
0.0
  0
LINE
  5
1EB
  8
0
  6
CONTINUOUS
 62
     3
 10
971.5000736392998988
 20
420.8066628071637183
 30
0.0
 11
971.5000736392998988
 21
432.8066628071637751
 31
0.0
  0
LINE
  5
1EC
  8
0
  6
CONTINUOUS
 62
     3
 10
971.5000736392998988
 20
432.8066628071637751
 30
0.0
 11
928.5000736393000125
 21
432.8066628071637751
 31
0.0
  0
LINE
  5
1ED
  8
0
  6
CONTINUOUS
 62
     3
 10
928.5000736393000125
 20
432.8066628071637751
 30
0.0
 11
928.5000736393000125
 21
420.8066628071637183
 31
0.0
  0
LINE
  5
1EE
  8
0
  6
CONTINUOUS
 62
     3
 10
928.5000736393000125
 20
420.8066628071637183
 30
0.0
 11
971.5000736392998988
 21
420.8066628071637183
 31
0.0
  0
LINE
  5
1F3
  8
0
  6
CONTINUOUS
 62
     3
 10
871.5000736392998988
 20
432.8066628071637751
 30
0.0
 11
828.5000736392997851
 21
432.8066628071637751
 31
0.0
  0
LINE
  5
1F4
  8
0
  6
CONTINUOUS
 62
     3
 10
871.5000736392998988
 20
420.8066628071637183
 30
0.0
 11
871.5000736392998988
 21
432.8066628071637751
 31
0.0
  0
LINE
  5
1F5
  8
0
  6
CONTINUOUS
 62
     3
 10
828.5000736392997851
 20
420.8066628071637183
 30
0.0
 11
871.5000736392998988
 21
420.8066628071637183
 31
0.0
  0
LINE
  5
1F6
  8
0
  6
CONTINUOUS
 62
     3
 10
828.5000736392997851
 20
432.8066628071637751
 30
0.0
 11
828.5000736392997851
 21
420.8066628071637183
 31
0.0
  0
LINE
  5
1F7
  8
0
  6
CONTINUOUS
 62
     3
 10
183.0000736393000125
 20
397.0066628071638775
 30
0.0
 11
104.4999999957997971
 21
397.0066628071638775
 31
0.0
  0
LINE
  5
1F9
  8
0
  6
CONTINUOUS
 62
     3
 10
1195.5001472827000271
 20
489.7014366843638982
 30
0.0
 11
104.4999999957997971
 21
489.7014366843638982
 31
0.0
  0
LINE
  5
1FA
  8
0
  6
CONTINUOUS
 62
     3
 10
1195.5001472827000271
 20
489.7014366843638982
 30
0.0
 11
1195.5001472827000271
 21
397.0066628071638775
 31
0.0
  0
LINE
  5
1FB
  8
0
  6
CONTINUOUS
 62
     3
 10
1195.5001472827000271
 20
397.0066628071638775
 30
0.0
 11
1117.0000736392998988
 21
397.0066628071638775
 31
0.0
  0
LINE
  5
1FC
  8
0
  6
CONTINUOUS
 62
     3
 10
1083.0000736392998988
 20
397.0066628071638775
 30
0.0
 11
667.0000736392998988
 21
397.0066628071638775
 31
0.0
  0
LINE
  5
1FD
  8
0
  6
CONTINUOUS
 62
     3
 10
667.0000736392998988
 20
397.0066628071639911
 30
0.0
 11
667.0000736392998988
 21
399.3066628071638888
 31
0.0
  0
LINE
  5
1FE
  8
0
  6
CONTINUOUS
 62
     3
 10
667.0000736392998988
 20
399.3066628071638888
 30
0.0
 11
633.0000736392998988
 21
399.3066628071638888
 31
0.0
  0
LINE
  5
1FF
  8
0
  6
CONTINUOUS
 62
     3
 10
633.0000736392998988
 20
397.0066628071638775
 30
0.0
 11
217.0000736393000125
 21
397.0066628071638775
 31
0.0
  0
LINE
  5
200
  8
0
  6
CONTINUOUS
 62
     3
 10
217.0000736393000125
 20
397.0066628071638775
 30
0.0
 11
217.0000736393000125
 21
398.9066628071639116
 31
0.0
  0
LINE
  5
201
  8
0
  6
CONTINUOUS
 62
     3
 10
217.0000736393000125
 20
398.9066628071639116
 30
0.0
 11
183.0000736393000125
 21
398.9066628071639116
 31
0.0
  0
LINE
  5
203
  8
0
  6
CONTINUOUS
 62
     3
 10
1117.0000736392989893
 20
397.0066628071638775
 30
0.0
 11
1117.0000736392998988
 21
398.9066628071639116
 31
0.0
  0
LINE
  5
204
  8
0
  6
CONTINUOUS
 62
     3
 10
1117.0000736392998988
 20
398.9066628071639116
 30
0.0
 11
1083.0000736392998988
 21
398.9066628071639116
 31
0.0
  0
LINE
  5
205
  8
0
  6
CONTINUOUS
 62
     3
 10
1083.0000736392998988
 20
398.9066628071639116
 30
0.0
 11
1083.0000736392998988
 21
397.0066628071639911
 31
0.0
  0
LINE
  5
206
  8
0
  6
CONTINUOUS
 62
     3
 10
633.0000736392998988
 20
399.3066628071638888
 30
0.0
 11
633.0000736392998988
 21
397.0066628071638775
 31
0.0
  0
LINE
  5
20B
  8
0
 62
     3
 10
104.4999999957997971
 20
489.7014366843638982
 30
0.0
 11
104.4999999957997971
 21
397.0066628071638775
 31
0.0
  0
TEXT
  5
21B
  8
0
 62
     3
 10
393.3530939090965717
 20
511.8885496253079737
 30
0.0
 40
15.0
  1
3לל
 50
5.0
  0
POLYLINE
  5
21C
  8
0
 62
     6
 66
     1
 10
0.0
 20
0.0
 30
0.0
 70
     1
  0
VERTEX
  5
7BC
  8
0
 62
     6
 10
-89.9620579006936936
 20
145.3947738729999912
 30
0.0
  0
VERTEX
  5
7BD
  8
0
 62
     6
 10
-83.9620579006936936
 20
145.3947738729999912
 30
0.0
  0
VERTEX
  5
7BE
  8
0
 62
     6
 10
-83.9620579006936936
 20
97.3947738730000054
 30
0.0
  0
VERTEX
  5
7BF
  8
0
 62
     6
 10
-89.9620579006936936
 20
97.3947738730000054
 30
0.0
  0
SEQEND
  5
7C0
  8
0
 62
     6
  0
LINE
  5
21D
  8
0
  6
CONTINUOUS
 62
     6
 10
104.4999999957997971
 20
813.6009993764940873
 30
0.0
 11
104.4999999957999961
 21
862.600999376494201
 31
0.0
  0
LINE
  5
21E
  8
0
  6
CONTINUOUS
 62
     6
 10
1195.5001472827000271
 20
862.600999376494201
 30
0.0
 11
104.4999999957999961
 21
862.600999376494201
 31
0.0
  0
LINE
  5
21F
  8
0
  6
CONTINUOUS
 62
     6
 10
1195.5001472827000271
 20
862.600999376494201
 30
0.0
 11
1195.5001472827000271
 21
813.6009993764940873
 31
0.0
  0
LINE
  5
220
  8
0
  6
CONTINUOUS
 62
     6
 10
1195.5001472827000271
 20
813.6009993764940873
 30
0.0
 11
104.4999999957999961
 21
813.6009993764940873
 31
0.0
  0
TEXT
  5
226
  8
0
 62
     6
 10
431.6761392874853982
 20
887.2481492819296136
 30
0.0
 40
15.0
  1
6לל
 50
5.0
  0
POLYLINE
  5
227
  8
0
 62
     5
 66
     1
 10
0.0
 20
0.0
 30
0.0
 70
     1
  0
VERTEX
  5
7C1
  8
0
 62
     5
 10
-86.2620579006936623
 20
49.5999999957999904
 30
0.0
  0
VERTEX
  5
7C2
  8
0
 62
     5
 10
-90.2620579006936765
 20
49.5999999957999904
 30
0.0
  0
VERTEX
  5
7C3
  8
0
 62
     5
 10
-90.2620579006936765
 20
94.5999999958000046
 30
0.0
  0
VERTEX
  5
7C4
  8
0
 62
     5
 10
-86.2620579006936623
 20
94.5999999958000046
 30
0.0
  0
SEQEND
  5
7C5
  8
0
 62
     5
  0
LINE
  5
22C
  8
0
  6
CONTINUOUS
 62
     5
 10
471.5000736393000125
 20
-220.6863853257783035
 30
0.0
 11
471.5000736393000125
 21
-208.6863853257783035
 31
0.0
  0
LINE
  5
22D
  8
0
  6
CONTINUOUS
 62
     5
 10
471.5000736393000125
 20
-208.6863853257783035
 30
0.0
 11
428.5000736393000125
 21
-208.6863853257783035
 31
0.0
  0
LINE
  5
22E
  8
0
  6
CONTINUOUS
 62
     5
 10
428.5000736393000125
 20
-208.6863853257783035
 30
0.0
 11
428.5000736393000125
 21
-220.6863853257783035
 31
0.0
  0
LINE
  5
22F
  8
0
  6
CONTINUOUS
 62
     5
 10
428.5000736393000125
 20
-220.6863853257783035
 30
0.0
 11
471.5000736393000125
 21
-220.6863853257783035
 31
0.0
  0
LINE
  5
230
  8
0
  6
CONTINUOUS
 62
     5
 10
371.5000736393000125
 20
-220.6863853257783035
 30
0.0
 11
371.5000736393000125
 21
-208.6863853257783035
 31
0.0
  0
LINE
  5
231
  8
0
  6
CONTINUOUS
 62
     5
 10
371.5000736393000125
 20
-208.6863853257783035
 30
0.0
 11
328.5000736393000125
 21
-208.6863853257783035
 31
0.0
  0
LINE
  5
232
  8
0
  6
CONTINUOUS
 62
     5
 10
328.5000736393000125
 20
-208.6863853257783035
 30
0.0
 11
328.5000736393000125
 21
-220.6863853257783035
 31
0.0
  0
LINE
  5
233
  8
0
  6
CONTINUOUS
 62
     5
 10
328.5000736393000125
 20
-220.6863853257783035
 30
0.0
 11
371.5000736393000125
 21
-220.6863853257783035
 31
0.0
  0
LINE
  5
238
  8
0
  6
CONTINUOUS
 62
     5
 10
571.5000736393000125
 20
-220.6863853257783035
 30
0.0
 11
571.5000736393000125
 21
-208.6863853257783035
 31
0.0
  0
LINE
  5
239
  8
0
  6
CONTINUOUS
 62
     5
 10
571.5000736393000125
 20
-208.6863853257783035
 30
0.0
 11
528.5000736393000125
 21
-208.6863853257783035
 31
0.0
  0
LINE
  5
23A
  8
0
  6
CONTINUOUS
 62
     5
 10
528.5000736393000125
 20
-208.6863853257783035
 30
0.0
 11
528.5000736393000125
 21
-220.6863853257783035
 31
0.0
  0
LINE
  5
23B
  8
0
  6
CONTINUOUS
 62
     5
 10
528.5000736393000125
 20
-220.6863853257783035
 30
0.0
 11
571.5000736393000125
 21
-220.6863853257783035
 31
0.0
  0
LINE
  5
23C
  8
0
  6
CONTINUOUS
 62
     5
 10
671.5000736393000125
 20
-220.6863853257783035
 30
0.0
 11
671.5000736393000125
 21
-208.6863853257783035
 31
0.0
  0
LINE
  5
23D
  8
0
  6
CONTINUOUS
 62
     5
 10
671.5000736393000125
 20
-208.6863853257783035
 30
0.0
 11
628.5000736393000125
 21
-208.6863853257783035
 31
0.0
  0
LINE
  5
23E
  8
0
  6
CONTINUOUS
 62
     5
 10
628.5000736393000125
 20
-208.6863853257783035
 30
0.0
 11
628.5000736393000125
 21
-220.6863853257783035
 31
0.0
  0
LINE
  5
23F
  8
0
  6
CONTINUOUS
 62
     5
 10
628.5000736393000125
 20
-220.6863853257783035
 30
0.0
 11
671.5000736393000125
 21
-220.6863853257783035
 31
0.0
  0
LINE
  5
240
  8
0
  6
CONTINUOUS
 62
     5
 10
771.5000736392997851
 20
-220.6863853257783035
 30
0.0
 11
771.5000736392997851
 21
-208.6863853257783035
 31
0.0
  0
LINE
  5
241
  8
0
  6
CONTINUOUS
 62
     5
 10
771.5000736392997851
 20
-208.6863853257783035
 30
0.0
 11
728.5000736393000125
 21
-208.6863853257783035
 31
0.0
  0
LINE
  5
242
  8
0
  6
CONTINUOUS
 62
     5
 10
728.5000736393000125
 20
-208.6863853257783035
 30
0.0
 11
728.5000736393000125
 21
-220.6863853257783035
 31
0.0
  0
LINE
  5
243
  8
0
  6
CONTINUOUS
 62
     5
 10
728.5000736393000125
 20
-220.6863853257783035
 30
0.0
 11
771.5000736392997851
 21
-220.6863853257783035
 31
0.0
  0
LINE
  5
244
  8
0
  6
CONTINUOUS
 62
     5
 10
971.5000736392998988
 20
-220.6863853257783035
 30
0.0
 11
971.5000736392998988
 21
-208.6863853257783035
 31
0.0
  0
LINE
  5
245
  8
0
  6
CONTINUOUS
 62
     5
 10
971.5000736392998988
 20
-208.6863853257783035
 30
0.0
 11
928.5000736393000125
 21
-208.6863853257783035
 31
0.0
  0
LINE
  5
246
  8
0
  6
CONTINUOUS
 62
     5
 10
928.5000736393000125
 20
-208.6863853257783035
 30
0.0
 11
928.5000736393000125
 21
-220.6863853257783035
 31
0.0
  0
LINE
  5
247
  8
0
  6
CONTINUOUS
 62
     5
 10
928.5000736393000125
 20
-220.6863853257783035
 30
0.0
 11
971.5000736392998988
 21
-220.6863853257783035
 31
0.0
  0
LINE
  5
24C
  8
0
  6
CONTINUOUS
 62
     5
 10
871.5000736392998988
 20
-208.6863853257783035
 30
0.0
 11
828.5000736392997851
 21
-208.6863853257783035
 31
0.0
  0
LINE
  5
24D
  8
0
  6
CONTINUOUS
 62
     5
 10
871.5000736392998988
 20
-220.6863853257783035
 30
0.0
 11
871.5000736392998988
 21
-208.6863853257783035
 31
0.0
  0
LINE
  5
24E
  8
0
  6
CONTINUOUS
 62
     5
 10
828.5000736392997851
 20
-220.6863853257783035
 30
0.0
 11
871.5000736392998988
 21
-220.6863853257783035
 31
0.0
  0
LINE
  5
24F
  8
0
  6
CONTINUOUS
 62
     5
 10
828.5000736392997851
 20
-208.6863853257783035
 30
0.0
 11
828.5000736392997851
 21
-220.6863853257783035
 31
0.0
  0
LINE
  5
251
  8
0
  6
CONTINUOUS
 62
     5
 10
104.4999999957999961
 20
-247.5863853257783092
 30
0.0
 11
104.4999999957999961
 21
-202.5863853257783092
 31
0.0
  0
LINE
  5
253
  8
0
  6
CONTINUOUS
 62
     5
 10
1195.5001472827000271
 20
-202.5863853257783092
 30
0.0
 11
1195.5001472827000271
 21
-247.5863853257783092
 31
0.0
  0
LINE
  5
256
  8
0
  6
CONTINUOUS
 62
     5
 10
667.0000736392998988
 20
-247.5863853257783092
 30
0.0
 11
667.0000736392998988
 21
-242.1863853257783035
 31
0.0
  0
LINE
  5
257
  8
0
  6
CONTINUOUS
 62
     5
 10
667.0000736392998988
 20
-242.1863853257783035
 30
0.0
 11
633.0000736392998988
 21
-242.1863853257783035
 31
0.0
  0
LINE
  5
259
  8
0
  6
CONTINUOUS
 62
     5
 10
217.0000736393000125
 20
-247.5863853257783092
 30
0.0
 11
217.0000736393000125
 21
-242.5863853257783944
 31
0.0
  0
LINE
  5
25A
  8
0
  6
CONTINUOUS
 62
     5
 10
217.0000736393000125
 20
-242.5863853257783944
 30
0.0
 11
183.0000736393000125
 21
-242.5863853257783944
 31
0.0
  0
LINE
  5
25B
  8
0
  6
CONTINUOUS
 62
     5
 10
183.0000736393000125
 20
-242.5863853257783944
 30
0.0
 11
183.0000736393000125
 21
-247.5863853257783092
 31
0.0
  0
LINE
  5
25C
  8
0
  6
CONTINUOUS
 62
     5
 10
1117.0000736392998988
 20
-247.5863853257783092
 30
0.0
 11
1117.0000736392998988
 21
-242.5863853257783944
 31
0.0
  0
LINE
  5
25D
  8
0
  6
CONTINUOUS
 62
     5
 10
1117.0000736392998988
 20
-242.5863853257783944
 30
0.0
 11
1083.0000736392998988
 21
-242.5863853257783944
 31
0.0
  0
LINE
  5
25E
  8
0
  6
CONTINUOUS
 62
     5
 10
1083.0000736392998988
 20
-242.5863853257783944
 30
0.0
 11
1083.0000736392998988
 21
-247.5863853257783092
 31
0.0
  0
LINE
  5
25F
  8
0
  6
CONTINUOUS
 62
     5
 10
633.0000736392998988
 20
-242.1863853257783035
 30
0.0
 11
633.0000736392998988
 21
-247.5863853257783092
 31
0.0
  0
LINE
  5
260
  8
0
  6
CONTINUOUS
 62
     5
 10
183.0000736393000125
 20
-247.5863853257783092
 30
0.0
 11
104.4999999957999961
 21
-247.5863853257783092
 31
0.0
  0
LINE
  5
261
  8
0
  6
CONTINUOUS
 62
     5
 10
1083.0000736392998988
 20
-247.5863853257783092
 30
0.0
 11
667.0000736392998988
 21
-247.5863853257783092
 31
0.0
  0
LINE
  5
262
  8
0
  6
CONTINUOUS
 62
     5
 10
633.0000736392998988
 20
-247.5863853257783092
 30
0.0
 11
217.0000736393000125
 21
-247.5863853257783092
 31
0.0
  0
LINE
  5
263
  8
0
  6
CONTINUOUS
 62
     5
 10
1195.5001472827000271
 20
-247.5863853257783092
 30
0.0
 11
1117.0000736392998988
 21
-247.5863853257783092
 31
0.0
  0
LINE
  5
265
  8
0
 62
     5
 10
104.4999999957999961
 20
-202.5863853257783092
 30
0.0
 11
149.0000736393000125
 21
-202.5863853257783092
 31
0.0
  0
TEXT
  5
26B
  8
0
 62
     5
 10
316.4912535603144192
 20
-179.0618269475739908
 30
0.0
 40
15.0
  1
4לל
 50
5.0
  0
POLYLINE
  5
26D
  8
0
 62
     1
 66
     1
 10
0.0
 20
0.0
 30
0.0
 70
     1
  0
VERTEX
  5
7C6
  8
0
 62
     1
 10
-86.2620579006936623
 20
94.0038776482000031
 30
0.0
  0
VERTEX
  5
7C7
  8
0
 62
     1
 10
-81.2620579006936623
 20
94.0038776482000031
 30
0.0
  0
VERTEX
  5
7C8
  8
0
 62
     1
 10
-81.2620579006936623
 20
74.0038776482000031
 30
0.0
  0
VERTEX
  5
7C9
  8
0
 62
     1
 10
-86.2620579006936623
 20
74.0038776482000031
 30
0.0
  0
SEQEND
  5
7CA
  8
0
 62
     1
  0
LINE
  5
26E
  8
0
  6
CONTINUOUS
 62
   242
 10
471.5000736393000125
 20
695.7388618096174469
 30
0.0
 11
471.5000736393000125
 21
707.7388618096174469
 31
0.0
  0
LINE
  5
26F
  8
0
  6
CONTINUOUS
 62
   242
 10
471.5000736393000125
 20
707.7388618096174469
 30
0.0
 11
428.5000736393000125
 21
707.7388618096174469
 31
0.0
  0
LINE
  5
270
  8
0
  6
CONTINUOUS
 62
   242
 10
428.5000736393000125
 20
707.7388618096174469
 30
0.0
 11
428.5000736393000125
 21
695.7388618096174469
 31
0.0
  0
LINE
  5
271
  8
0
  6
CONTINUOUS
 62
   242
 10
428.5000736393000125
 20
695.7388618096174469
 30
0.0
 11
471.5000736393000125
 21
695.7388618096174469
 31
0.0
  0
LINE
  5
272
  8
0
  6
CONTINUOUS
 62
   242
 10
371.5000736393000125
 20
695.7388618096174469
 30
0.0
 11
371.5000736393000125
 21
707.7388618096174469
 31
0.0
  0
LINE
  5
273
  8
0
  6
CONTINUOUS
 62
   242
 10
371.5000736393000125
 20
707.7388618096174469
 30
0.0
 11
328.5000736393000125
 21
707.7388618096174469
 31
0.0
  0
LINE
  5
274
  8
0
  6
CONTINUOUS
 62
   242
 10
328.5000736393000125
 20
707.7388618096174469
 30
0.0
 11
328.5000736393000125
 21
695.7388618096174469
 31
0.0
  0
LINE
  5
275
  8
0
  6
CONTINUOUS
 62
   242
 10
328.5000736393000125
 20
695.7388618096174469
 30
0.0
 11
371.5000736393000125
 21
695.7388618096174469
 31
0.0
  0
LINE
  5
276
  8
0
  6
CONTINUOUS
 62
   242
 10
571.5000736393000125
 20
695.7388618096174469
 30
0.0
 11
571.5000736393000125
 21
707.7388618096174469
 31
0.0
  0
LINE
  5
277
  8
0
  6
CONTINUOUS
 62
   242
 10
571.5000736393000125
 20
707.7388618096174469
 30
0.0
 11
528.5000736393000125
 21
707.7388618096174469
 31
0.0
  0
LINE
  5
278
  8
0
  6
CONTINUOUS
 62
   242
 10
528.5000736393000125
 20
707.7388618096174469
 30
0.0
 11
528.5000736393000125
 21
695.7388618096174469
 31
0.0
  0
LINE
  5
279
  8
0
  6
CONTINUOUS
 62
   242
 10
528.5000736393000125
 20
695.7388618096174469
 30
0.0
 11
571.5000736393000125
 21
695.7388618096174469
 31
0.0
  0
LINE
  5
27A
  8
0
  6
CONTINUOUS
 62
   242
 10
671.5000736393000125
 20
695.7388618096174469
 30
0.0
 11
671.5000736393000125
 21
707.7388618096174469
 31
0.0
  0
LINE
  5
27B
  8
0
  6
CONTINUOUS
 62
   242
 10
671.5000736393000125
 20
707.7388618096174469
 30
0.0
 11
628.5000736393000125
 21
707.7388618096174469
 31
0.0
  0
LINE
  5
27C
  8
0
  6
CONTINUOUS
 62
   242
 10
628.5000736393000125
 20
707.7388618096174469
 30
0.0
 11
628.5000736393000125
 21
695.7388618096174469
 31
0.0
  0
LINE
  5
27D
  8
0
  6
CONTINUOUS
 62
   242
 10
628.5000736393000125
 20
695.7388618096174469
 30
0.0
 11
671.5000736393000125
 21
695.7388618096174469
 31
0.0
  0
LINE
  5
27E
  8
0
  6
CONTINUOUS
 62
   242
 10
771.5000736392997851
 20
695.7388618096174469
 30
0.0
 11
771.5000736392997851
 21
707.7388618096174469
 31
0.0
  0
LINE
  5
27F
  8
0
  6
CONTINUOUS
 62
   242
 10
771.5000736392997851
 20
707.7388618096174469
 30
0.0
 11
728.5000736393000125
 21
707.7388618096174469
 31
0.0
  0
LINE
  5
280
  8
0
  6
CONTINUOUS
 62
   242
 10
728.5000736393000125
 20
707.7388618096174469
 30
0.0
 11
728.5000736393000125
 21
695.7388618096174469
 31
0.0
  0
LINE
  5
281
  8
0
  6
CONTINUOUS
 62
   242
 10
728.5000736393000125
 20
695.7388618096174469
 30
0.0
 11
771.5000736392997851
 21
695.7388618096174469
 31
0.0
  0
LINE
  5
282
  8
0
  6
CONTINUOUS
 62
   242
 10
971.5000736392998988
 20
695.7388618096174469
 30
0.0
 11
971.5000736392998988
 21
707.7388618096174469
 31
0.0
  0
LINE
  5
283
  8
0
  6
CONTINUOUS
 62
   242
 10
971.5000736392998988
 20
707.7388618096174469
 30
0.0
 11
928.5000736393000125
 21
707.7388618096174469
 31
0.0
  0
LINE
  5
284
  8
0
  6
CONTINUOUS
 62
   242
 10
928.5000736393000125
 20
707.7388618096174469
 30
0.0
 11
928.5000736393000125
 21
695.7388618096174469
 31
0.0
  0
LINE
  5
285
  8
0
  6
CONTINUOUS
 62
   242
 10
928.5000736393000125
 20
695.7388618096174469
 30
0.0
 11
971.5000736392998988
 21
695.7388618096174469
 31
0.0
  0
LINE
  5
286
  8
0
  6
CONTINUOUS
 62
   242
 10
871.5000736392998988
 20
707.7388618096174469
 30
0.0
 11
828.5000736392997851
 21
707.7388618096174469
 31
0.0
  0
LINE
  5
287
  8
0
  6
CONTINUOUS
 62
   242
 10
871.5000736392998988
 20
695.7388618096174469
 30
0.0
 11
871.5000736392998988
 21
707.7388618096174469
 31
0.0
  0
LINE
  5
288
  8
0
  6
CONTINUOUS
 62
   242
 10
828.5000736392997851
 20
695.7388618096174469
 30
0.0
 11
871.5000736392998988
 21
695.7388618096174469
 31
0.0
  0
LINE
  5
289
  8
0
  6
CONTINUOUS
 62
   242
 10
828.5000736392997851
 20
707.7388618096174469
 30
0.0
 11
828.5000736392997851
 21
695.7388618096174469
 31
0.0
  0
LINE
  5
29D
  8
0
 62
   242
 10
1145.0000736392998988
 20
713.2388618096174469
 30
0.0
 11
155.0000736393000125
 21
713.2388618096174469
 31
0.0
  0
LINE
  5
29E
  8
0
 62
   242
 10
155.0000736393000125
 20
713.2388618096174469
 30
0.0
 11
155.0000736393000125
 21
693.2388618096174469
 31
0.0
  0
LINE
  5
29F
  8
0
 62
   242
 10
155.0000736393000125
 20
693.2388618096174469
 30
0.0
 11
1145.0000736392998988
 21
693.2388618096174469
 31
0.0
  0
LINE
  5
2A0
  8
0
 62
   242
 10
1145.0000736392998988
 20
693.2388618096174469
 30
0.0
 11
1145.0000736392998988
 21
713.2388618096174469
 31
0.0
  0
TEXT
  5
314
  8
0
 62
     5
 10
247.7135845640783032
 20
-175.1760758253566053
 30
0.0
 40
15.0
  1
D1
 50
5.0
  0
TEXT
  5
31A
  8
0
 62
     3
 10
492.977436711267103
 20
515.0312990758357046
 30
0.0
 40
15.0
  1
D2
 50
5.0
  0
TEXT
  5
320
  8
0
 62
     1
 10
397.8074097805148881
 20
655.5639524143059589
 30
0.0
 40
15.0
  1
D3
 50
5.0
  0
TEXT
  5
326
  8
0
 62
     1
 10
857.004384068482409
 20
658.3504317123260989
 30
0.0
 40
15.0
  1
D7
 50
5.0
  0
TEXT
  5
32C
  8
0
 62
     1
 10
617.4337342039084433
 20
657.7961864430053538
 30
0.0
 40
15.0
  1
D4
 50
5.0
  0
TEXT
  5
332
  8
0
 62
     1
 10
598.6646391309418505
 20
733.4258127222874464
 30
0.0
 40
15.0
  1
D5
 50
5.0
  0
TEXT
  5
338
  8
0
 62
     6
 10
494.6737249940251786
 20
877.1818223626049758
 30
0.0
 40
15.0
  1
D6
 50
5.0
  0
LINE
  5
54B
  8
0
 62
     5
 10
155.0000736393000125
 20
-202.5863853257783092
 30
0.0
 11
155.0000736393000125
 21
-222.5863853257783092
 31
0.0
  0
LINE
  5
54C
  8
0
 62
     5
 10
155.0000736393000125
 20
-222.5863853257783092
 30
0.0
 11
157.0000736393000125
 21
-222.5863853257783092
 31
0.0
  0
LINE
  5
54D
  8
0
 62
     5
 10
157.0000736393000125
 20
-222.5863853257783092
 30
0.0
 11
157.0000736393000125
 21
-241.5863853257783092
 31
0.0
  0
LINE
  5
54E
  8
0
 62
     5
 10
157.0000736393000125
 20
-241.5863853257783092
 30
0.0
 11
149.0000736393000125
 21
-241.5863853257783092
 31
0.0
  0
LINE
  5
54F
  8
0
 62
     5
 10
149.0000736393000125
 20
-241.5863853257783092
 30
0.0
 11
149.0000736393000125
 21
-202.5863853257783092
 31
0.0
  0
LINE
  5
550
  8
0
 62
     5
 10
155.0000736392998988
 20
-202.5863853257783092
 30
0.0
 11
1145.0000736392998988
 21
-202.5863853257783092
 31
0.0
  0
LINE
  5
553
  8
0
 62
     5
 10
1145.0000736392998988
 20
-202.5863853257783092
 30
0.0
 11
1145.0000736392998988
 21
-222.5863853257783092
 31
0.0
  0
LINE
  5
554
  8
0
 62
     5
 10
1145.0000736392998988
 20
-222.5863853257783092
 30
0.0
 11
1143.0000736392998988
 21
-222.5863853257783092
 31
0.0
  0
LINE
  5
555
  8
0
 62
     5
 10
1143.0000736392998988
 20
-222.5863853257783092
 30
0.0
 11
1143.0000736392998988
 21
-241.5863853257783092
 31
0.0
  0
LINE
  5
556
  8
0
 62
     5
 10
1143.0000736392998988
 20
-241.5863853257783092
 30
0.0
 11
1151.0000736392998988
 21
-241.5863853257783092
 31
0.0
  0
LINE
  5
557
  8
0
 62
     5
 10
1151.0000736392998988
 20
-241.5863853257783092
 30
0.0
 11
1151.0000736392998988
 21
-202.5863853257783092
 31
0.0
  0
LINE
  5
558
  8
0
 62
     5
 10
1151.0000736392998988
 20
-202.5863853257783092
 30
0.0
 11
1195.5001472827000271
 21
-202.5863853257783092
 31
0.0
  0
INSERT
  5
6D5
  8
0
 62
     6
  2
*U6
 10
0.0
 20
0.0
 30
0.0
  0
ENDSEC
  0
EOF
